0.981010022358481 35.738190217868677
0.98713080886772642 35.550438937285712
0.99328978461728334 35.363389922291972
0.9994871878801378 35.17704202494356
1.0057232584159237 34.991393790628038
1.0119982374802019 34.806443471677539
1.0183123678337918 34.622189165407811
1.0246658937521613 34.438629025048328
1.0310590610348809 34.25576145765212
1.0374921170151306 34.073585224316304
1.0439653105692677 33.892099397466694
1.0504788921264574 33.711303192545266
1.0570331136783608 33.531195749621489
1.0636282287888812 33.351775965904274
1.0702644926039768 33.173042457616155
1.07694216186153 32.994993666266154
1.0836614949012811 32.817628048663408
1.0904227516748197 32.640944240368725
1.0972261937556456 32.464941088013077
1.1040720843492857 32.289617510609027
1.1109606883034768 32.114972245876046
1.1178922721184128 31.941003615957278
1.1248671039570546 31.767709461402305
1.1318854536555027 31.59508732488861
1.1389475927334398 31.423134841479907
1.146053794404633 31.251850170613665
1.153204333587502 31.081232254394983
1.1603994869157588 30.911280745745188
1.1676395327491069 30.741995601545458
1.1749247511840122 30.573376508945621
1.1822554240645364 30.405422414725475
1.1896318349932438 30.238131393715513
1.1970542693421717 30.07150092778496
1.2045230142638692 29.905528452008326
1.2120383587025092 29.740211877023665
1.2196005934050655 29.575549806259644
1.2272100109325594 29.41154133890446
1.2348669056713799 29.248185592430808
1.2425715738446739 29.085481249504785
1.2503243135238014 28.923426423298125
1.2581254246398728 28.762018938250883
1.2659752089953489 28.601256854695787
1.2738739702757167 28.441138895937765
1.2818220140612402 28.281664484576336
1.2898196478387809 28.12283334373814
1.2978671810136937 27.964644912633812
1.3059649249217964 27.807097963868205
1.3141131928414163 27.650190683112896
1.3223123000055086 27.493921150009978
1.3305625636138507 27.338287860375861
1.3388643028453169 27.183289876569003
1.3472178388702238 27.028926448049845
1.3556234948627561 26.875196344862058
1.36408159601347 26.722097401648099
1.3725924695418741 26.569626667300302
1.3811564447090861 26.417781137257005
1.3897738528305736 26.266558604454588
1.3984450272889719 26.115958042859553
1.40717030354698 25.965979257990046
1.4159500191603378 25.816622082570728
1.4247845137908886 25.667885740807737
1.4336741292197175 25.519768854733233
1.4426192093603725 25.372270012415473
1.4516201002721725 25.225388307366046
1.4606771501735947 25.079123246915184
1.4697907094557432 24.933473977813374
1.4789611306959083 24.788438452142852
1.4881887686712059 24.644013345243916
1.4974739803722998 24.50019499151804
1.5068171250172171 24.356980721154059
1.5162185640652435 24.214369531589671
1.5256786612309039 24.072361490328607
1.5351977824980396 23.930956332765941
1.5447762961339624 23.790152471668026
1.5544145727037042 23.649947332299185
1.5641129850843503 23.510338740040858
1.573871908479469 23.371326058187773
1.5836917204336245 23.232909914576716
1.5935728008469823 23.095090647513608
1.6035155319900087 22.957866880955795
1.6135202985182595 22.821235624735511
1.623587487487258 22.685193875357502
1.6337174883674737 22.549740181813835
1.6439106930593874 22.414874590272557
1.6541674959086505 22.280596979929591
1.6644882937213463 22.146905512238387
1.674873485779337 22.013796915651607
1.6853234738557137 21.881268452341725
1.6958386622303347 21.749319531884765
1.7064194577054734 21.617951130884403
1.7170662696215517 21.48716344259562
1.7277795098729745 21.35695418479726
1.7385595929240698 21.227319451633353
1.7494069358251205 21.098256283681874
1.7603219582284961 20.969764151148016
1.7713050824048935 20.841843627679861
1.7823567332596704 20.714493658234119
1.7934773383492808 20.587710504387644
1.804667327897822 20.461489637231555
1.8159271348136761 20.335828498746263
1.8272571947062535 20.210727071382671
1.8386579459028531 20.086185816214915
1.8501298294656154 19.962203646210543
1.8616732892085868 19.838778371684029
1.8732887717148872 19.715908762723824
1.8849767263539927 19.593595239012451
1.8967376052991152 19.471838066418464
1.9085718635446962 19.350635413899663
1.9204799589240127 19.229983992766179
1.9324623521268858 19.109881567768817
1.9445195067175054 18.990327977904649
1.956651889152363 18.871323236595945
1.9688599687982988 18.752865341019863
1.9811442179506598 18.634950926902874
1.9935051118515694 18.517577929755074
2.0059431287083171 18.400746498740475
2.0184587497118565 18.284456868691908
2.0310524590554193 18.168707308201775
2.0437247439532529 18.053495102303803
2.0564760946594629 17.938818896911751
2.0693070044869857 17.824678621838888
2.0822179698266683 17.711073026591521
2.0952094901664746 17.597998788201245
2.108282068110809 17.485452821843396
2.1214362093999606 17.37343424803019
2.1346724229296679 17.261942807297036
2.1479912207708103 17.150976213685031
2.1613931181892112 17.040530864090552
2.174878633665581 16.930604985524475
2.1884482889155685 16.821199227689117
2.2021026089099474 16.712313796653437
2.2158421218949282 16.603946833451676
2.2296673594125904 16.496096375171007
2.2435788563214474 16.388761964149285
2.2575771508171409 16.281942851563837
2.2716627844532602 16.17563627210993
2.2858363021622932 16.069839455875051
2.3000982522767095 15.964552080329634
2.314449186550172 15.859774526218873
2.3288896601788855 15.755504733095117
2.3434202318230715 15.65173925445893
2.3580414636285854 15.548476657046479
2.3727539212486621 15.445717235402133
2.3875581738657994 15.343459981472012
2.4024547942137788 15.241702624215112
2.417444358599822 15.140444079426386
2.4325274469268874 15.039683880210125
2.4477046427161055 14.939419759331889
2.4629765331293512 14.839648858066649
2.4783437089919627 14.740370581410161
2.493806764815595 14.64158513679031
2.5093662988212224 14.543290327385487
2.5250229129622839 14.44548293242525
2.5407772129479653 14.348161718285739
2.5566298082666377 14.251326050997317
2.5725813122094339 14.15497369841543
2.5886323418939754 14.059102805721906
2.6047835182882486 13.963713223207861
2.6210354662346256 13.868803586660189
2.6373888144740385 13.774370493379566
2.6538441956703069 13.680411924038573
2.6704022464346067 13.586927611869172
2.6870636073501051 13.493916104334021
2.7038289229967418 13.401375733462414
2.7206988419761609 13.309307019278094
2.737674016936813 13.217710164877142
2.7547551045991936 13.126582953079915
2.7719427657812572 13.035923540453425
2.7892376654239794 12.945731011213921
2.8066404726170835 12.856002610159472
2.8241518606249212 12.76673532171406
2.8417725069125264 12.677928614216878
2.8595030931718162 12.589581927174999
2.8773443053479713 12.501693508661633
2.8952968336659679 12.41426320604814
2.9133613726572811 12.32729105320313
2.9315386211867582 12.240774477005818
2.949829282479651 12.154711024277923
2.9682340641488252 12.069099429327986
2.9867536782221324 11.983936905469593
3.005388841169959 11.899220896894603
3.0241402739329453 11.814950835057891
3.0430087019498724 11.73112497242915
3.0619948551857314 11.647740997372289
3.0810994681599628 11.564798570287932
3.1003232799748695 11.482296505155922
3.119667034344217 11.400232604936138
3.1391314796219993 11.318606494352348
3.1587173688313928 11.237417169752947
3.1784254596938926 11.156662530667134
3.1982565146586173 11.076342204376909
3.2182113009318161 10.99645502681264
3.2382905905065433 10.916998505895032
3.2584951601925258 10.837971697668713
3.2788257916462182 10.759372914532721
3.2992832714010389 10.681200013035085
3.3198683908978013 10.603453147394614
3.340581946515333 10.526131708307938
3.3614247396012829 10.44923445366293
3.3823975765031236 10.372761072933915
3.4035012685993498 10.29670916681552
3.4247366323308639 10.221076296871713
3.4461044892325647 10.145861266378965
3.4676056659651282 10.071061443740097
3.4892409943469893 9.9966752403775399
3.5110113113865249 9.9227011942123742
3.5329174593144308 9.8491362427902374
3.5549602856163096 9.775978933616484
3.5771406430654547 9.7032276214659188
3.59945938975584 9.6308811104284402
3.6219173891353251 9.5589402371396481
3.6445155100390494 9.4874042688838713
3.6672546267230492 9.4162725539173131
3.6901356188980845 9.3455437746922954
3.7131593717636631 9.2752151429200662
3.7363267760422962 9.20528578093246
3.7596387280139516 9.1357542951625916
3.7830961295507279 9.0666199077749585
3.8066998881517509 8.9978819365029032
3.8304509169782763 8.9295374721005683
3.8543501348890188 8.8615843237654204
3.8783984664757036 8.7940193345864373
3.9025968420988306 8.7268408307229954
3.9269461979236735 8.6600489109950214
3.9514474759564902 8.5936434330616329
3.9761016240809712 8.5276252882141055
4.0009095960949121 8.4619928796827004
4.0258723517471076 8.3967444352296781
4.0509908567744839 8.3318775506348395
4.0762660829394646 8.2673900098319457
4.1016990080675564 8.2032808627493594
4.1272906160851877 8.139547704328848
4.1530418970577685 8.0761885989843503
4.1789538472279917 8.0131998525872419
4.2050274690543814 7.9505792465433567
4.2312637712500694 7.8883254350796843
4.2576637688218195 7.8264387074305413
4.2842284831093016 7.7649201559991745
4.3109589418245928 7.703769625665255
4.3378561790919505 7.6429867517698415
4.3649212354878086 7.5825692682659422
4.3921551580810387 7.5225159961890373
4.4195590004734582 7.462824676761362
4.4471338228405912 7.4034942760090612
4.4748806919726851 7.3445224926761341
4.5028006813159758 7.2859079376623379
4.5308948710142225 7.2276486197748637
4.5591643479504942 7.1697435517159702
4.5876102057892147 7.1121913216803634
4.616233545018475 7.0549907300720225
4.6450354729926131 6.9981399960675041
4.6740171039750447 6.9416374251191773
4.703179559181379 6.8854813939604336
4.7325239668227903 6.8296707269643759
4.7620514621496675 6.7742044635328575
4.791763187495536 6.7190816488143792
4.8216602923212459 6.664300976748982
4.8517439332594421 6.6098608475936489
4.8820152741593184 6.5557594559933872
4.9124754861316333 6.5019951292652394
4.943125747594026 6.4485665313874181
4.9739672443165972 6.3954727764987283
5.0050011694677883 6.3427133492923842
5.0362287236605461 6.2902878369271624
5.0676511149987586 6.2381956405057277
5.0992695591240036 6.1864356619368621
5.1310852792625781 6.1350060828617394
5.163099506272812 6.0839042739838023
5.1953134786926967 6.0331271939693636
5.2277284427877975 5.9826721996750809
5.2603456525994652 5.9325378519999719
5.2931663699933544 5.8827239257383575
5.326191864708238 5.8332306400800178
5.3594234144051347 5.7840575882856173
5.3928623047167346 5.7352032942249167
5.4265098292971397 5.686665582287012
5.4603672898719031 5.6384424061684211
5.4944359962884022 5.5905324211167446
5.5287172665665008 5.5429348907547693
5.5632124269495504 5.4956490916034273
5.5979228119556854 5.4486738326071142
5.6328497644294657 5.4020075079819483
5.6679946355938178 5.3556485491046546
5.7033587851023144 5.3095957727254888
5.7389435810917746 5.2638482675296903
5.7747504002351899 5.2184050905506121
5.8107806277949896 5.1732648722784083
5.8470356576766287 5.1284257515611911
5.8835168924825121 5.0838856100921461
5.920225743566264 5.0396426210523497
5.9571636310873224 4.995695703736458
5.9943319840658864 4.9520443588901788
6.0317322404381937 4.9086880077886708
6.0693658471121577 4.8656253364151194
6.1072342600233407 4.8228543730330875
6.1453389441912813 4.7803731215898342
6.1836813737761673 4.7381801585223844
6.2222630321358734 4.6962746964665092
6.261085411883343 4.6546561035268441
6.3001500149443368 4.6133233604372874
6.3394583526155337 4.5722748058210074
6.3790119456230006 4.5315084786948958
6.4188123241810269 4.4910226722741111
6.4588610280513228 4.4508163203812403
6.4991596066025847 4.4108887122401805
6.5397096188704422 4.3712389016372608
6.5805126336177668 4.331865327384345
6.6215702293953651 4.2927661346174837
6.6628839946030523 4.2539398282228618
6.7044555275510938 4.2153856040620363
6.7462864365220483 4.1771030733849592
6.7883783398329829 4.1390915783789515
6.8307328658980815 4.1013498192451188
6.8733516532916434 4.0638759372421909
6.9162363508114773 4.0266680579733469
6.9593886175426851 3.9897246653107601
7.0028101229218498 3.9530446608939735
7.0465025468016185 3.9166270354444022
7.0904675795156962 3.8804705518875675
7.1347069219442325 3.8445736391849432
7.1792222855796304 3.8089346299148397
7.2240153925927553 3.7735519847466783
7.269087975899561 3.7384244230015446
7.314441779228134 3.7035508243720079
7.3600785571861511 3.6689301303531883
7.4060000753287563 3.6345613436688717
7.4522081102268745 3.6004434979517592
7.4987044495359321 3.5665756465267857
7.5454908920650263 3.5329567483980542
7.5925692478465034 3.4995857294201809
7.6399413382059951 3.4664615551858291
7.6876089958328713 3.4335831983432339
7.7355740648511526 3.4009493171650806
7.7838384008908408 3.3685579784456139
7.8324038711597153 3.3364067507987145
7.8812723545155761 3.3044933554670677
7.9304457415389153 3.2728163969161677
7.9799259346060767 3.2413756010088504
8.0297148479628326 3.2101714414822564
8.0798144077984606 3.1792043971440203
8.1302265523202522 3.1484742408304212
8.1809532318284948 3.117979556758816
8.2319964087919271 3.0877176943362157
8.2833580579236639 3.0576853815108977
8.3350401662575795 3.0278798148257571
8.3870447332252027 2.9982995426146548
8.4393737707330434 2.9689444961032265
8.4920293032404466 2.939815055756783
8.5450133678378997 2.9109109652830218
8.5983280143258582 2.8822309675371627
8.6519753052940267 2.8537732968233085
8.7059573162011663 2.8255365214956529
8.760276135455392 2.7975198615022503
8.8149338644949502 2.7697227767437846
8.8699326178695372 2.7421442571921357
8.9252745233220949 2.7147824937055169
8.9809617218711235 2.6876352231813345
9.0369963678935186 2.6607004031103307
9.0933806292079176 2.6339767248672237
9.15011668715856 2.6074636812783516
9.2072067366996819 2.5811612466981617
9.2646529864804332 2.5550692594524982
9.3224576589303254 2.5291868897703433
9.3806229903451985 2.5035123353175384
9.4391512309737564 2.4780431295838961
9.4980446451046081 2.4527768885997245
9.5573055111538689 2.4277120254123759
9.6169361217533122 2.4028480404296224
9.6769387838390575 2.3781851429009357
9.7373158187408198 2.3537235585228644
9.7980695622717224 2.3294627895536584
9.8592023648186551 2.3054012282346457
9.9207165914332052 2.2815364212056362
9.9826146219231582 2.2578659175731151
10.044898850944559 2.2343882307128333
10.107571688094364 2.2111031067113265
10.170635558003649 2.1880108016152802
10.234092900431426 2.1651109170239771
10.297946170359015 2.1424017917843035
10.362197838085034 2.1198809838720467
10.426850389320958 2.0975463801631791
10.491906325287284 2.075397044885221
10.557368162810304 2.0534329868526116
10.623238434419473 2.031654237444612
10.689519688445371 2.0100598965204264
10.756214489118307 1.9886480809110405
10.823325416667515 1.9674166220701845
10.890855067420977 1.9463638441611366
10.958806053905866 1.9254888892139697
11.027181004949611 1.9047912798650415
11.095982565781618 1.8842705601941596
11.165213398135585 1.8639259746683503
11.234876180352487 1.843756503700245
11.304973607484193 1.8237607563210236
11.375508391397727 1.8039370562289188
11.446483260880186 1.7842837606706059
11.517900961744305 1.764799791938557
11.589764256934687 1.7454848332891708
11.662075926634696 1.726338911007772
11.734838768374003 1.7073616094048603
11.808055597136828 1.6885515130089352
11.881729245470838 1.6699064293614732
11.955862563596726 1.6514241409241579
12.030458419518489 1.6331033688396379
12.105519699134366 1.6149438650027819
12.181049306348504 1.5969457580943902
12.257050163183289 1.5791084220415894
12.333525209892386 1.5614303571483641
12.410477405074511 1.5439099597736758
12.487909725787867 1.5265465362351278
12.565825167665327 1.5093401598140705
12.644226745030334 1.4922905195097342
12.723117491013502 1.4753960059350906
12.802500457669968 1.4586540631324274
12.882378716097467 1.4420626208966389
12.962755356555141 1.4256210698786782
13.043633488583094 1.4093300140519938
13.125016241122688 1.3931898680945818
13.206906762637603 1.3771997328850853
13.289308221235625 1.3613573131461918
13.372223804791227 1.3456601072864369
13.455656721068884 1.3301066341133765
13.539610197847193 1.3146967840277159
13.624087483043718 1.2994309678404419
13.709091844840669 1.2843089450848739
13.794626571811325 1.2693294079396789
13.880694973047261 1.2544904857890675
13.967300378286367 1.239790608498504
14.054446138041669 1.2252288912856766
14.142135623730951 1.2108048597122767
14.230372227807177 1.1965179308268818
14.319159363889746 1.1823670595576301
14.408500466896546 1.168350931284581
14.498398993176854 1.1544684233106004
14.588858420645039 1.1407189295160838
14.67988224891511 1.1271021689682694
14.771473999436127 1.1136176497900394
14.86363721562841 1.1002642673066987
14.956375463020642 1.0870404505697924
15.049692329387797 1.0739446324100956
15.143591424889959 1.0609757414715255
15.238076382211958 1.048133269389157
15.333150856703936 1.0354169880639834
15.428818526522752 1.0228264690381423
15.525083092774281 1.0103606848657603
15.621948279656587 0.99801800126289952
15.719417834604021 0.98579657661356879
15.81749552843219 0.97369501546150816
15.916185155483831 0.96171272823691833
16.015490533775615 0.94984971006226637
16.115415505145851 0.93810582945969978
16.21596393540311 0.92648027947118639
16.317139714475793 0.91497164250403829
16.418946756562612 0.90357852172612085
16.521389000284017 0.89230002790157548
16.624470408834586 0.88113574525308047
16.728194970136332 0.87008522229860963
16.832566696992988 0.85914770317757627
16.937589627245256 0.84832221653825512
17.043267823927017 0.83760784844884328
17.149605375422528 0.82700376573514323
17.256606395624555 0.81650907828491426
17.364275024093576 0.80612284045240901
17.472615426217892 0.79584411918471476
17.581631793374793 0.78567219976251379
17.6913283430927 0.77560639636394624
17.801709319214336 0.76564597811615043
17.9127789920609 0.75578995020816242
18.02454165859729 0.74603720098702808
18.137001642598314 0.73638662714274838
18.250163294815984 0.72683724861585153
18.364030993147839 0.71738827713588116
18.478609142806285 0.70803899028539352
18.593902176489056 0.69878865668765089
18.709914554550675 0.68963637640033193
18.826650765175017 0.68058115653827111
18.94411532454896 0.67162210706657521
19.062312777037086 0.66275863370222543
19.181247695357495 0.653990312960124
19.300924680758712 0.64531658551942173
19.421348363197694 0.63673649899669305
19.542523401518945 0.6282489152187769
19.664454483634763 0.61985282235384109
19.787146326706601 0.61154758895232553
19.910603677327551 0.60333285316922003
20.034831311705975 0.5952083028984152
20.159834035850309 0.58717344618212652
20.285616685754952 0.57922750343510576
20.412184127587391 0.5713693588196298
20.539541257876444 0.56359774943753105
20.667693003701689 0.55591163914746022
20.796644322884095 0.54831044994692857
20.92640020417781 0.54079400067680605
21.056965667463157 0.53336204658352526
21.188345763940866 0.52601410783530778
21.320545576327461 0.5187494620392854
21.453570219051912 0.51156729983386606
21.58742483845349 0.5044666895562715
21.722114612980864 0.49744647617374643
21.857644753392453 0.49050547052976862
21.994020502957998 0.4836428263864489
22.131247137661411 0.47685825257894937
22.269329966404907 0.47015180340059126
22.408274331214365 0.46352333018332809
22.548085607446005 0.45697221526046788
22.688769203994362 0.45049753433085077
22.830330563501498 0.4440984214053883
22.972775162567618 0.43777427767498667
23.116108511962896 0.43152459348379624
23.260336156840694 0.42534874985661858
23.405463676952088 0.41924594334344201
23.551496686861721 0.41321527755067899
23.698440836165034 0.40725593320283537
23.846301809706794 0.40136715887364582
23.995085327801089 0.39554822612211288
24.14479714645255 0.38979836510357413
24.29544305757911 0.38411693600351826
24.447028889236023 0.37850354925697177
24.59956050584136 0.37295800752602204
24.753043808402872 0.36748001095412486
24.907484734746305 0.36206893819623714
25.062889259745102 0.35672391479685966
25.219263395551543 0.35144399670775478
25.37661319182936 0.34622836467501505
25.534944735987768 0.34107628931364575
25.694264153416974 0.33598715755591702
25.854577607725147 0.33096037741915602
26.015891300976882 0.32599540797163434
26.178211473933107 0.32109166515669552
26.341544406292563 0.31624857905640574
26.505896416934728 0.31146558385501727
26.671273864164267 0.30674214351558599
26.837683145957026 0.30207771491510527
27.005130700207552 0.29747166683052939
27.173623004978154 0.2929233137503503
27.343166578749535 0.2884319105777185
27.513767980672938 0.28399678487608471
27.685433810823938 0.27961728747465453
27.858170710457749 0.27529284778732938
28.031985362266195 0.27102292470591632
28.206884490636192 0.26680707422035482
28.38287486190994 0.26264497452029284
28.559963284646663 0.25853637220369313
28.738156609886047 0.2544810031583703
28.917461731413233 0.25047841614169647
29.097885586025583 0.24652801966758578
29.279435153800982 0.24262907492971247
29.462117458367928 0.23878081418435498
29.645939567177219 0.23498248318441844
29.830908591775401 0.2312333813184429
30.017031688079868 0.22753302768378586
30.204316056655735 0.22388111703972377
30.392768942994351 0.22027758102653144
30.582397637793683 0.21672224289579745
30.7732094772403 0.21321473768666482
30.96521184329325 0.20975434672917595
31.15841216396959 0.20634025924465052
31.352817913631799 0.20297174768633722
31.548436613276913 0.19964833756169759
31.745275830827509 0.19636973567598814
31.943343181424471 0.19313568447709689
32.1426463277216 0.18994595381040957
32.343192980182074 0.18680034042555826
32.544990897376742 0.18369865158489329
32.748047886284233 0.1806404856878491
32.952371802593063 0.17762509740126114
33.157970551005491 0.17465141567645051
33.364852085543369 0.17171837053786523
33.573024409855819 0.1688251966185467
33.782495577528891 0.16597155036421721
33.993273692397146 0.16315740029203379
34.205366908857158 0.1603827129977955
34.418783432182984 0.15764734084009699
34.633531518843576 0.1549508488693187
34.849619476822262 0.15229267295839147
35.067055665938113 0.14967214298164583
35.285848498169344 0.14708868922744833
35.506006437978805 0.14454193528295686
35.72753800264141 0.14203166431629149
35.950451762573636 0.13955773548643494
36.174756341665123 0.13711970147362462
36.400460417612273 0.13471682571273999
36.62757272225398 0.13234805452722873
36.856102041909452 0.13001249984522992
37.086057217718114 0.12770961285020849
37.317447145981632 0.12543929689221461
37.55028077850811 0.12320163433276801
37.784567122958414 0.12099670420298812
38.020315243194624 0.11882438902206327
38.257534259630695 0.11668440112003756
38.496233349585331 0.11457626041430771
38.736421747637003 0.11249944025532276
38.978108745981189 0.11045349045389394
39.22130369478991 0.10843812183581941
39.466016002573411 0.10645316257308739
39.712255136544215 0.10449830720048896
39.96003062298329 0.10257305104479032
40.209352047608675 0.10067674362287897
40.460229055946286 0.098808898194662098
40.712671353703087 0.096969344742686842
40.966688707142552 0.095158163379455846
41.222290943462539 0.093375357464140066
41.479487951175408 0.091620608871836651
41.738289680490666 0.089893229241485031
41.998706143699835 0.088192425553636572
42.260747415563806 0.086517545614425623
42.524423633702689 0.084868263698483382
42.789744998987892 0.08324451208972998
43.056721775936815 0.081646282304868381
43.325364293109992 0.080073446179617966
43.595682943510603 0.07852563838042885
43.867688184986598 0.077002395980612703
44.141390540635264 0.075503255738104985
44.416800599210305 0.074027946108196713
44.69392901553158 0.072576298321351596
44.972786510897194 0.071148209885438046
45.253383873498336 0.069743483337961196
45.535731958836664 0.068361807193851765
45.819841690144195 0.067002711983050176
46.105724058805997 0.065665567329986893
46.393390124785313 0.064349669112027261
46.68285101705149 0.063054386361687406
46.974117934010557 0.061779389026736055
47.267202143938363 0.060524686067870516
47.562114985416642 0.059290473588866834
47.858867867771551 0.058076823430811574
48.157472271515118 0.056883481840102113
48.457939748789428 0.055709913518582156
48.760281923813451 0.054555597836830221
49.064510493332818 0.053420313186899535
49.370637227072336 0.052304207038312685
49.678673968191269 0.051207501855818703
49.988632633741588 0.050130170852848335
50.300525215128935 0.049071749986355329
50.614363778576575 0.048031527700177802
50.930160465592238 0.047008827028748923
51.24792749343775 0.046003201640321296
51.56767715560175 0.045014435327260176
51.889421822275303 0.044042398804296279
52.213173940830394 0.043087011019526493
52.538946036301553 0.042148157136021498
52.866750711870374 0.041225691465381839
53.196600649353087 0.040319351553396214
53.528508609691244 0.039428812490948054
53.862487433445317 0.038553835180566924
54.198550041291497 0.037694383900095156
54.536709434521626 0.036850556248344851
54.876978695546043 0.036022261115101574
55.219370988399824 0.035209025858784333
55.563899559252008 0.034410090121029288
55.910577736918029 0.033624784396043106
56.259418933375457 0.032852826833318298
56.610436644282771 0.032094260561637437
56.963644449501501 0.031349179114343748
57.319056013621655 0.030617464137489801
57.676685086490259 0.029898876623315362
58.036545503743355 0.029193218410210532
58.398651187341287 0.028500487759719379
58.763016146107212 0.027820704567901696
59.129654476269195 0.027153738855319021
59.498580362005406 0.026499222297281726
59.869808075992978 0.025856730847342184
60.243351979960103 0.02522597790688905
60.619226525241686 0.024606860430498517
60.997446253338438 0.023999310027632257
61.378025796479378 0.02340313587404089
61.76097987818796 0.022817999830814065
62.146323313851724 0.022243535469830638
62.534071011295367 0.021679465704362792
62.924237971357556 0.021125623484053217
63.316839288471229 0.02058187313266124
63.711890151247552 0.020047999413744032
64.109405843063584 0.019523660096090825
64.50940174265348 0.019008446778443686
64.911893324703442 0.018502024568550109
65.316896160450469 0.018004228044770202
65.724425918284666 0.017515001838942647
66.134498364355508 0.017034286434431157
66.547129363181696 0.016561962965587769
66.962334878264954 0.016097956547014951
67.380130972707605 0.015642297385462165
67.800533809834036 0.015195027099120795
68.223559653815897 0.014756007247859054
68.649224870301538 0.014324874444161527
69.07754592704886 0.01390122559966776
69.508539394562661 0.013484804835132164
69.942221946735557 0.013075518856678471
70.378610361493045 0.012673248926764366
70.817721521442735 0.012277768029705089
71.259572414527241 0.011888814727091678
71.704180134681678 0.011506293658991831
72.151561882494747 0.011130319492126421
72.601734965874314 0.010761071884816384
73.054716800716946 0.010398586019596499
73.510524911581669 0.010042637459816031
73.969176932368015 0.0096928468051913907
74.430690606998141 0.009348886449197279
74.895083790103328 0.0090106920786329255
75.362374447714743 0.0086785061116735496
75.832580657958474 0.0083527478334662914
76.305720611754879 0.0080338260456456513
76.781812613522447 0.0077219972791915158
77.260875081885843 0.0074174380035060706
77.742926550388475 0.0071204092016560619
78.227985668209612 0.0068315055449818789
78.716071200885708 0.0065517353863769664
79.20720203103653 0.0062823884796077544
79.701397159095592 0.0060246964517751567
80.198675704045201 0.0057795026491110442
80.699056904156251 0.0055472882444029649
81.20256011773229 0.0053285496203952041
81.709204823858641 0.0051243695952612684
82.219010623155881 0.0049367296400694566
82.731997238538113 0.0047683772777994118
83.248184515976092 0.0046223587498878385
83.767592425264908 0.0045014895116022215
84.290241060796546 0.0044081287099555569
84.816150642337462 0.004344251305176741
85.345341515810574 0.0043117820394121854
85.877834154082564 0.0043128754472729521
86.41364915775587 0.0043500118803920414
86.952807255965567 0.0044258182127468737
87.495329307181564 0.0045426928556901048
88.041236300015228 0.0047023810367977708
88.590549354031623 0.0049056405307860811
89.1432897205665 0.0051521093104855611
89.699478783548386 0.0054403634841372313
90.259138060325981 0.0057680507364882205
90.822289202500457 0.00613195068184495
91.388953996763206 0.0065278311578881951
91.959154365738698 0.0069501994146271744
92.532912368832555 0.0073921728461880908
93.110250203084959 0.0078456976479028741
93.691190204029482 0.0083020704494284892
94.275754846557078 0.0087524713353088271
94.863966745785675 0.0091882059882809671
95.455848657934951 0.0096006071228619018
96.051423481206797 0.0099808800933785472
96.65071425667125 0.010320246292841442
97.253744169157741 0.010610493636125267
97.860536548152069 0.010844694255307159
98.471114868699132 0.011017708617121312
99.08550275231083 0.011126239591763549
99.70372396788018 0.011168530511558139
100.32580243260067 0.011144040248770245
100.95176221289155 0.011053333429050209
101.58162752532917 0.010898217000716902
102.21542273758344 0.010681823291578497
102.85317236936081 0.010408495599521129
103.49490109335284 0.010083461684015364
104.14063373619062 0.009712543763091273
104.79039527940535 0.0093020000840016472
105.4442108603947 0.0088583978883507285
106.10210577339544 0.0083883734418350817
106.76410547046177 0.007898289444112248
107.43023556245024 0.0073939852319423087
108.10052182001048 0.0068807881208701807
108.77499017458202 0.0063637172097706363
109.45366671939779 0.005847638283961269
110.13657771049338 0.0053371405818114252
110.82374956772297 0.0048361823777271938
111.51520887578113 0.0043478185977140543
112.21098238523172 0.0038742652844389242
112.9110970135426 0.0034172844529174779
113.61557984612681 0.0029785187554211517
114.32445813739075 0.002559489504084331
115.03775931178843 0.0021613179030288521
115.75551096488226 0.0017845226493114312
116.47774086441102 0.0014291420929737678
117.20447695136389 0.0010950350049801236
117.93574734106122 0.00078207277723742858
118.67158032424268 0.00049005124272395739
119.41200436816146 0.00021855016247385493
120.15704811768546 -3.3104467966193113e-05
120.90674039640589 -0.00026568341129150564
121.66111020775193 -0.00047993137754145828
122.42018673611324 -0.00067659679498644648
123.18399934796838 -0.0008565187287906613
123.95257759302164 -0.0010207093508138672
124.72595120534585 -0.0011701730388031506
125.50415010453257 -0.0013057803807857437
126.2872043968499 -0.001428215165389404
127.07514437640717 -0.0015381899838454224
127.86800052632661 -0.0016366261487903908
128.66580351992309 -0.001724576969885914
129.46858422189052 -0.0018029869707534678
130.27637368949587 -0.0018724574007162895
131.0892031737809 -0.001933363229017765
131.90710412077104 -0.0019860969901041156
132.73010817269201 -0.002031270979333167
133.55824716919375 -0.0020696346353094681
134.39155314858257 -0.002101860185827861
135.23005834906039 -0.002128402495348162
136.07379520997182 -0.0021495616116314802
136.92279637305953 -0.0021656550390542497
137.77709468372672 -0.0021771149863810363
138.6367231923079 -0.0021844303124838225
139.5017151553476 -0.0021880310826023546
140.37210403688695 -0.0021882549504800924
141.24792350975818 -0.0021854079080555655
142.12920745688746 -0.0021798204368117832
143.01598997260578 -0.0021718358394360888
143.90830536396763 -0.0021617395342801043
144.80618815207873 -0.0021497416592915564
145.70967307343116 -0.0021359895566979321
146.61879508124753 -0.0021206381006214901
147.53358934683268 -0.0021038602234709001
148.45409126093512 -0.0020858560426265157
149.38033643511568 -0.0020667874717322956
150.31236070312514 -0.0020467468193355186
151.25020012229098 -0.0020257724599460581
152.19389097491199 -0.0020039384982239363
153.143469769662 -0.0019814404783281862
154.09897324300229 -0.0019585501028233881
155.06043836060306 -0.0019355066605659353
156.02790231877293 -0.0019124030669929286
157.00140254589869 -0.0018892278438292329
157.98097670389276 -0.001865957496769044
158.96666268965055 -0.001842617381920462
159.9584986365162 -0.0018192312757305787
160.95652291575823 -0.0017957224816336171
161.96077413805401 -0.0017719427979077415
162.97129115498299 -0.0017477474239066045
163.98811306053051 -0.0017231469335557588
165.01127919259966 -0.0016982552691047958
166.0408291345332 -0.0016732023908792295
167.07680271664532 -0.0016479898254403683
168.11924001776217 -0.0016225201795824391
169.16818136677247 -0.0015967031307910602
170.22366734418787 -0.0015705379498509935
171.28573878371282 -0.0015441163000357266
172.35443677382406 -0.0015175298785629664
173.42980265936069 -0.0014908566998252588
174.51187804312329 -0.0014641476103165547
175.60070478748372 -0.0014374452526965912
176.69632501600412 -0.0014107449487299418
177.79878111506733 -0.0013840143409456749
178.90811573551608 -0.0013572361125956168
180.02437179430314 -0.001330448503597528
181.14759247615189 -0.0013036892520963525
182.27782123522692 -0.0012769362355950747
183.41510179681487 -0.0012501489237019569
184.55947815901638 -0.001223379764320446
185.71099459444827 -0.0011968285065295401
186.86969565195579 -0.001170742010250821
188.03562615833684 -0.001145280943817602
189.20883122007567 -0.0011205001319364465
190.38935622508811 -0.0010964014798704239
191.57724684447734 -0.0010730103940987973
192.77254903430102 -0.0010503710838982096
193.97530903734912 -0.0010285564906555278
195.18557338493258 -0.0010076770281506765
196.40338889868406 -0.00098785852784545776
197.62880269236899 -0.00096915261191235719
198.86186217370809 -0.00095145334810565931
200.10261504621184 -0.00093451146741289394
201.35110931102594 -0.00091806015056601913
202.60739326878775 -0.00090193285192209129
