    0.10000E-03    0.13818E+03
    0.10202E-03    0.14087E+03
    0.10408E-03    0.14360E+03
    0.10618E-03    0.14639E+03
    0.10833E-03    0.14923E+03
    0.11052E-03    0.15213E+03
    0.11275E-03    0.15508E+03
    0.11503E-03    0.15809E+03
    0.11735E-03    0.16116E+03
    0.11972E-03    0.16429E+03
    0.12214E-03    0.16748E+03
    0.12461E-03    0.17073E+03
    0.12712E-03    0.17404E+03
    0.12969E-03    0.17742E+03
    0.13231E-03    0.18087E+03
    0.13499E-03    0.18438E+03
    0.13771E-03    0.18796E+03
    0.14049E-03    0.19160E+03
    0.14333E-03    0.19532E+03
    0.14623E-03    0.19911E+03
    0.14918E-03    0.20298E+03
    0.15220E-03    0.20691E+03
    0.15527E-03    0.21093E+03
    0.15841E-03    0.21502E+03
    0.16161E-03    0.21919E+03
    0.16487E-03    0.22345E+03
    0.16820E-03    0.22778E+03
    0.17160E-03    0.23220E+03
    0.17507E-03    0.23671E+03
    0.17860E-03    0.24130E+03
    0.18221E-03    0.24598E+03
    0.18589E-03    0.25075E+03
    0.18965E-03    0.25561E+03
    0.19348E-03    0.26057E+03
    0.19739E-03    0.26562E+03
    0.20138E-03    0.27077E+03
    0.20544E-03    0.27602E+03
    0.20959E-03    0.28138E+03
    0.21383E-03    0.28683E+03
    0.21815E-03    0.29239E+03
    0.22255E-03    0.29806E+03
    0.22705E-03    0.30384E+03
    0.23164E-03    0.30973E+03
    0.23632E-03    0.31573E+03
    0.24109E-03    0.32185E+03
    0.24596E-03    0.32808E+03
    0.25093E-03    0.33444E+03
    0.25600E-03    0.34092E+03
    0.26117E-03    0.34752E+03
    0.26645E-03    0.35425E+03
    0.27183E-03    0.36111E+03
    0.27732E-03    0.36810E+03
    0.28292E-03    0.37523E+03
    0.28864E-03    0.38249E+03
    0.29447E-03    0.38989E+03
    0.30042E-03    0.39744E+03
    0.30649E-03    0.40513E+03
    0.31268E-03    0.41297E+03
    0.31899E-03    0.42095E+03
    0.32544E-03    0.42910E+03
    0.33201E-03    0.43739E+03
    0.33872E-03    0.44585E+03
    0.34556E-03    0.45447E+03
    0.35254E-03    0.46325E+03
    0.35966E-03    0.47220E+03
    0.36693E-03    0.48132E+03
    0.37434E-03    0.49062E+03
    0.38190E-03    0.50009E+03
    0.38962E-03    0.50975E+03
    0.39749E-03    0.51958E+03
    0.40552E-03    0.52961E+03
    0.41371E-03    0.53983E+03
    0.42207E-03    0.55024E+03
    0.43060E-03    0.56085E+03
    0.43929E-03    0.57166E+03
    0.44817E-03    0.58267E+03
    0.45722E-03    0.59389E+03
    0.46646E-03    0.60533E+03
    0.47588E-03    0.61698E+03
    0.48550E-03    0.62885E+03
    0.49530E-03    0.64095E+03
    0.50531E-03    0.65328E+03
    0.51552E-03    0.66583E+03
    0.52593E-03    0.67863E+03
    0.53656E-03    0.69166E+03
    0.54739E-03    0.70494E+03
    0.55845E-03    0.71847E+03
    0.56973E-03    0.73225E+03
    0.58124E-03    0.74629E+03
    0.59299E-03    0.76059E+03
    0.60496E-03    0.77515E+03
    0.61719E-03    0.78999E+03
    0.62965E-03    0.80511E+03
    0.64237E-03    0.82050E+03
    0.65535E-03    0.83618E+03
    0.66859E-03    0.85215E+03
    0.68210E-03    0.86842E+03
    0.69588E-03    0.88498E+03
    0.70993E-03    0.90185E+03
    0.72427E-03    0.91903E+03
    0.73891E-03    0.93653E+03
    0.75383E-03    0.95435E+03
    0.76906E-03    0.97249E+03
    0.78460E-03    0.99096E+03
    0.80045E-03    0.10098E+04
    0.81662E-03    0.10289E+04
    0.83311E-03    0.10484E+04
    0.84994E-03    0.10683E+04
    0.86711E-03    0.10885E+04
    0.88463E-03    0.11090E+04
    0.90250E-03    0.11300E+04
    0.92073E-03    0.11513E+04
    0.93933E-03    0.11730E+04
    0.95831E-03    0.11951E+04
    0.97767E-03    0.12175E+04
    0.99742E-03    0.12404E+04
    0.10176E-02    0.12637E+04
    0.10381E-02    0.12874E+04
    0.10591E-02    0.13115E+04
    0.10805E-02    0.13360E+04
    0.11023E-02    0.13609E+04
    0.11246E-02    0.13863E+04
    0.11473E-02    0.14122E+04
    0.11705E-02    0.14384E+04
    0.11941E-02    0.14651E+04
    0.12182E-02    0.14923E+04
    0.12429E-02    0.15200E+04
    0.12680E-02    0.15481E+04
    0.12936E-02    0.15767E+04
    0.13197E-02    0.16057E+04
    0.13464E-02    0.16353E+04
    0.13736E-02    0.16653E+04
    0.14013E-02    0.16959E+04
    0.14296E-02    0.17269E+04
    0.14585E-02    0.17585E+04
    0.14880E-02    0.17906E+04
    0.15180E-02    0.18232E+04
    0.15487E-02    0.18563E+04
    0.15800E-02    0.18900E+04
    0.16119E-02    0.19242E+04
    0.16445E-02    0.19590E+04
    0.16777E-02    0.19943E+04
    0.17116E-02    0.20302E+04
    0.17462E-02    0.20666E+04
    0.17814E-02    0.21036E+04
    0.18174E-02    0.21411E+04
    0.18541E-02    0.21793E+04
    0.18916E-02    0.22180E+04
    0.19298E-02    0.22573E+04
    0.19688E-02    0.22972E+04
    0.20086E-02    0.23377E+04
    0.20491E-02    0.23788E+04
    0.20905E-02    0.24204E+04
    0.21328E-02    0.24627E+04
    0.21758E-02    0.25056E+04
    0.22198E-02    0.25491E+04
    0.22646E-02    0.25933E+04
    0.23104E-02    0.26380E+04
    0.23571E-02    0.26834E+04
    0.24047E-02    0.27293E+04
    0.24533E-02    0.27759E+04
    0.25028E-02    0.28232E+04
    0.25534E-02    0.28710E+04
    0.26050E-02    0.29195E+04
    0.26576E-02    0.29686E+04
    0.27113E-02    0.30183E+04
    0.27660E-02    0.30687E+04
    0.28219E-02    0.31196E+04
    0.28789E-02    0.31712E+04
    0.29371E-02    0.32235E+04
    0.29964E-02    0.32763E+04
    0.30569E-02    0.33298E+04
    0.31187E-02    0.33839E+04
    0.31817E-02    0.34385E+04
    0.32460E-02    0.34938E+04
    0.33115E-02    0.35497E+04
    0.33784E-02    0.36062E+04
    0.34467E-02    0.36633E+04
    0.35163E-02    0.37210E+04
    0.35874E-02    0.37792E+04
    0.36598E-02    0.38381E+04
    0.37338E-02    0.38975E+04
    0.38092E-02    0.39574E+04
    0.38861E-02    0.40179E+04
    0.39646E-02    0.40789E+04
    0.40447E-02    0.41404E+04
    0.41264E-02    0.42025E+04
    0.42098E-02    0.42651E+04
    0.42948E-02    0.43281E+04
    0.43816E-02    0.43916E+04
    0.44701E-02    0.44556E+04
    0.45604E-02    0.45200E+04
    0.46525E-02    0.45849E+04
    0.47465E-02    0.46501E+04
    0.48424E-02    0.47158E+04
    0.49402E-02    0.47818E+04
    0.50400E-02    0.48482E+04
    0.51419E-02    0.49149E+04
    0.52457E-02    0.49819E+04
    0.53517E-02    0.50491E+04
    0.54598E-02    0.51167E+04
    0.55701E-02    0.51844E+04
    0.56826E-02    0.52524E+04
    0.57974E-02    0.53205E+04
    0.59145E-02    0.53889E+04
    0.60340E-02    0.54574E+04
    0.61559E-02    0.55259E+04
    0.62803E-02    0.55944E+04
    0.64072E-02    0.56630E+04
    0.65366E-02    0.57315E+04
    0.66686E-02    0.57999E+04
    0.68033E-02    0.58682E+04
    0.69408E-02    0.59364E+04
    0.70810E-02    0.60045E+04
    0.72240E-02    0.60722E+04
    0.73700E-02    0.61397E+04
    0.75189E-02    0.62070E+04
    0.76708E-02    0.62738E+04
    0.78257E-02    0.63401E+04
    0.79838E-02    0.64059E+04
    0.81451E-02    0.64713E+04
    0.83096E-02    0.65362E+04
    0.84775E-02    0.66004E+04
    0.86488E-02    0.66639E+04
    0.88235E-02    0.67267E+04
    0.90017E-02    0.67887E+04
    0.91836E-02    0.68498E+04
    0.93691E-02    0.69100E+04
    0.95583E-02    0.69693E+04
    0.97514E-02    0.70275E+04
    0.99484E-02    0.70845E+04
    0.10149E-01    0.71403E+04
    0.10354E-01    0.71949E+04
    0.10564E-01    0.72482E+04
    0.10777E-01    0.73000E+04
    0.10995E-01    0.73504E+04
    0.11217E-01    0.73991E+04
    0.11443E-01    0.74463E+04
    0.11675E-01    0.74917E+04
    0.11910E-01    0.75353E+04
    0.12151E-01    0.75771E+04
    0.12397E-01    0.76168E+04
    0.12647E-01    0.76546E+04
    0.12902E-01    0.76902E+04
    0.13163E-01    0.77236E+04
    0.13429E-01    0.77547E+04
    0.13700E-01    0.77834E+04
    0.13977E-01    0.78096E+04
    0.14259E-01    0.78333E+04
    0.14547E-01    0.78544E+04
    0.14841E-01    0.78727E+04
    0.15141E-01    0.78882E+04
    0.15447E-01    0.79008E+04
    0.15759E-01    0.79105E+04
    0.16077E-01    0.79171E+04
    0.16402E-01    0.79206E+04
    0.16734E-01    0.79209E+04
    0.17072E-01    0.79179E+04
    0.17416E-01    0.79116E+04
    0.17768E-01    0.79019E+04
    0.18127E-01    0.78888E+04
    0.18493E-01    0.78721E+04
    0.18867E-01    0.78518E+04
    0.19248E-01    0.78280E+04
    0.19637E-01    0.78005E+04
    0.20034E-01    0.77693E+04
    0.20438E-01    0.77344E+04
    0.20851E-01    0.76958E+04
    0.21272E-01    0.76535E+04
    0.21702E-01    0.76074E+04
    0.22141E-01    0.75576E+04
    0.22588E-01    0.75042E+04
    0.23044E-01    0.74470E+04
    0.23510E-01    0.73863E+04
    0.23985E-01    0.73219E+04
    0.24469E-01    0.72541E+04
    0.24964E-01    0.71829E+04
    0.25468E-01    0.71083E+04
    0.25982E-01    0.70305E+04
    0.26507E-01    0.69496E+04
    0.27043E-01    0.68657E+04
    0.27589E-01    0.67791E+04
    0.28146E-01    0.66897E+04
    0.28715E-01    0.65980E+04
    0.29295E-01    0.65039E+04
    0.29887E-01    0.64077E+04
    0.30490E-01    0.63097E+04
    0.31106E-01    0.62101E+04
    0.31735E-01    0.61091E+04
    0.32376E-01    0.60070E+04
    0.33030E-01    0.59040E+04
    0.33697E-01    0.58004E+04
    0.34378E-01    0.56965E+04
    0.35072E-01    0.55925E+04
    0.35781E-01    0.54889E+04
    0.36504E-01    0.53858E+04
    0.37241E-01    0.52833E+04
    0.37993E-01    0.51813E+04
    0.38761E-01    0.50800E+04
    0.39544E-01    0.49801E+04
    0.40343E-01    0.48823E+04
    0.41158E-01    0.47867E+04
    0.41989E-01    0.46935E+04
    0.42838E-01    0.46031E+04
    0.43703E-01    0.45156E+04
    0.44586E-01    0.44312E+04
    0.45486E-01    0.43500E+04
    0.46405E-01    0.42721E+04
    0.47343E-01    0.41974E+04
    0.48299E-01    0.41260E+04
    0.49275E-01    0.40576E+04
    0.50270E-01    0.39923E+04
    0.51286E-01    0.39297E+04
    0.52322E-01    0.38698E+04
    0.53379E-01    0.38122E+04
    0.54457E-01    0.37567E+04
    0.55557E-01    0.37033E+04
    0.56680E-01    0.36513E+04
    0.57825E-01    0.36003E+04
    0.58993E-01    0.35519E+04
    0.60184E-01    0.35061E+04
    0.61400E-01    0.34606E+04
    0.62641E-01    0.34135E+04
    0.63906E-01    0.33651E+04
    0.65197E-01    0.33162E+04
    0.66514E-01    0.32662E+04
    0.67858E-01    0.32142E+04
    0.69229E-01    0.31596E+04
    0.70627E-01    0.31020E+04
    0.72054E-01    0.30412E+04
    0.73510E-01    0.29768E+04
    0.74994E-01    0.29088E+04
    0.76509E-01    0.28371E+04
    0.78055E-01    0.27620E+04
    0.79632E-01    0.26840E+04
    0.81241E-01    0.26035E+04
    0.82882E-01    0.25213E+04
    0.84556E-01    0.24379E+04
    0.86264E-01    0.23543E+04
    0.88007E-01    0.22710E+04
    0.89785E-01    0.21890E+04
    0.91598E-01    0.21088E+04
    0.93449E-01    0.20312E+04
    0.95337E-01    0.19568E+04
    0.97263E-01    0.18861E+04
    0.99227E-01    0.18198E+04
    0.10123E+00    0.17583E+04
    0.10328E+00    0.17020E+04
    0.10536E+00    0.16509E+04
    0.10749E+00    0.16052E+04
    0.10966E+00    0.15645E+04
    0.11188E+00    0.15285E+04
    0.11414E+00    0.14966E+04
    0.11644E+00    0.14680E+04
    0.11880E+00    0.14417E+04
    0.12120E+00    0.14167E+04
    0.12365E+00    0.13919E+04
    0.12614E+00    0.13662E+04
    0.12869E+00    0.13384E+04
    0.13129E+00    0.13078E+04
    0.13394E+00    0.12737E+04
    0.13665E+00    0.12361E+04
    0.13941E+00    0.11951E+04
    0.14223E+00    0.11513E+04
    0.14510E+00    0.11057E+04
    0.14803E+00    0.10592E+04
    0.15102E+00    0.10129E+04
    0.15407E+00    0.96767E+03
    0.15718E+00    0.92467E+03
    0.16036E+00    0.88482E+03
    0.16360E+00    0.84897E+03
    0.16690E+00    0.81761E+03
    0.17028E+00    0.79081E+03
    0.17371E+00    0.76812E+03
    0.17722E+00    0.74868E+03
    0.18080E+00    0.73144E+03
    0.18446E+00    0.71526E+03
    0.18818E+00    0.69911E+03
    0.19198E+00    0.68203E+03
    0.19586E+00    0.66321E+03
    0.19982E+00    0.64216E+03
    0.20386E+00    0.61881E+03
    0.20797E+00    0.59366E+03
    0.21218E+00    0.56756E+03
    0.21646E+00    0.54158E+03
    0.22083E+00    0.51672E+03
    0.22530E+00    0.49384E+03
    0.22985E+00    0.47357E+03
    0.23449E+00    0.45611E+03
    0.23923E+00    0.44122E+03
    0.24406E+00    0.42830E+03
    0.24899E+00    0.41639E+03
    0.25402E+00    0.40464E+03
    0.25915E+00    0.39227E+03
    0.26439E+00    0.37887E+03
    0.26973E+00    0.36433E+03
    0.27518E+00    0.34903E+03
    0.28074E+00    0.33357E+03
    0.28641E+00    0.31867E+03
    0.29219E+00    0.30498E+03
    0.29810E+00    0.29277E+03
    0.30412E+00    0.28204E+03
    0.31026E+00    0.27243E+03
    0.31653E+00    0.26342E+03
    0.32292E+00    0.25450E+03
    0.32945E+00    0.24524E+03
    0.33610E+00    0.23558E+03
    0.34289E+00    0.22566E+03
    0.34982E+00    0.21589E+03
    0.35689E+00    0.20669E+03
    0.36409E+00    0.19824E+03
    0.37145E+00    0.19058E+03
    0.37895E+00    0.18349E+03
    0.38661E+00    0.17669E+03
    0.39442E+00    0.16994E+03
    0.40239E+00    0.16310E+03
    0.41052E+00    0.15628E+03
    0.41881E+00    0.14964E+03
    0.42727E+00    0.14337E+03
    0.43590E+00    0.13755E+03
    0.44471E+00    0.13209E+03
    0.45369E+00    0.12687E+03
    0.46286E+00    0.12176E+03
    0.47221E+00    0.11671E+03
    0.48174E+00    0.11180E+03
    0.49148E+00    0.10709E+03
    0.50141E+00    0.10262E+03
    0.51153E+00    0.98403E+02
    0.52187E+00    0.94354E+02
    0.53241E+00    0.90428E+02
    0.54317E+00    0.86618E+02
    0.55414E+00    0.82938E+02
    0.56533E+00    0.79422E+02
    0.57675E+00    0.76075E+02
    0.58840E+00    0.72867E+02
    0.60029E+00    0.69778E+02
    0.61242E+00    0.66801E+02
    0.62479E+00    0.63936E+02
    0.63741E+00    0.61194E+02
    0.65029E+00    0.58573E+02
    0.66342E+00    0.56059E+02
    0.67683E+00    0.53646E+02
    0.69050E+00    0.51329E+02
    0.70445E+00    0.49107E+02
    0.71868E+00    0.46974E+02
    0.73320E+00    0.44929E+02
    0.74801E+00    0.42967E+02
    0.76312E+00    0.41087E+02
    0.77854E+00    0.39285E+02
    0.79426E+00    0.37559E+02
    0.81031E+00    0.35905E+02
    0.82668E+00    0.34320E+02
    0.84338E+00    0.32803E+02
    0.86041E+00    0.31350E+02
    0.87780E+00    0.29959E+02
    0.89553E+00    0.28628E+02
    0.91362E+00    0.27353E+02
    0.93208E+00    0.26132E+02
    0.95091E+00    0.24964E+02
    0.97011E+00    0.23846E+02
    0.98971E+00    0.22776E+02
    0.10097E+01    0.21752E+02
    0.10301E+01    0.20773E+02
    0.10509E+01    0.19835E+02
    0.10721E+01    0.18939E+02
    0.10938E+01    0.18081E+02
    0.11159E+01    0.17261E+02
    0.11384E+01    0.16476E+02
    0.11614E+01    0.15726E+02
    0.11849E+01    0.15009E+02
    0.12088E+01    0.14323E+02
    0.12333E+01    0.13667E+02
    0.12582E+01    0.13041E+02
    0.12836E+01    0.12442E+02
    0.13095E+01    0.11870E+02
    0.13360E+01    0.11323E+02
    0.13630E+01    0.10801E+02
    0.13905E+01    0.10302E+02
    0.14186E+01    0.98251E+01
    0.14472E+01    0.93697E+01
    0.14765E+01    0.89348E+01
    0.15063E+01    0.85195E+01
    0.15367E+01    0.81229E+01
    0.15678E+01    0.77442E+01
    0.15994E+01    0.73827E+01
    0.16318E+01    0.70375E+01
    0.16647E+01    0.67080E+01
    0.16984E+01    0.63935E+01
    0.17327E+01    0.60933E+01
    0.17677E+01    0.58068E+01
    0.18034E+01    0.55334E+01
    0.18398E+01    0.52725E+01
    0.18770E+01    0.50236E+01
    0.19149E+01    0.47862E+01
    0.19536E+01    0.45596E+01
    0.19930E+01    0.43435E+01
    0.20333E+01    0.41374E+01
    0.20744E+01    0.39408E+01
    0.21163E+01    0.37534E+01
    0.21590E+01    0.35746E+01
    0.22026E+01    0.34041E+01
    0.22471E+01    0.32416E+01
    0.22925E+01    0.30866E+01
    0.23388E+01    0.29389E+01
    0.23861E+01    0.27980E+01
    0.24343E+01    0.26638E+01
    0.24835E+01    0.25358E+01
    0.25336E+01    0.24139E+01
    0.25848E+01    0.22977E+01
    0.26370E+01    0.21870E+01
    0.26903E+01    0.20814E+01
    0.27447E+01    0.19809E+01
    0.28001E+01    0.18851E+01
    0.28567E+01    0.17939E+01
    0.29144E+01    0.17069E+01
    0.29733E+01    0.16241E+01
    0.30333E+01    0.15453E+01
    0.30946E+01    0.14701E+01
    0.31571E+01    0.13986E+01
    0.32209E+01    0.13305E+01
    0.32860E+01    0.12656E+01
    0.33523E+01    0.12038E+01
    0.34201E+01    0.11450E+01
    0.34892E+01    0.10890E+01
    0.35596E+01    0.10357E+01
    0.36316E+01    0.98494E+00
    0.37049E+01    0.93663E+00
    0.37798E+01    0.89065E+00
    0.38561E+01    0.84688E+00
    0.39340E+01    0.80522E+00
    0.40135E+01    0.76558E+00
    0.40946E+01    0.72785E+00
    0.41773E+01    0.69195E+00
    0.42617E+01    0.65779E+00
    0.43478E+01    0.62529E+00
    0.44356E+01    0.59437E+00
    0.45252E+01    0.56495E+00
    0.46166E+01    0.53696E+00
    0.47099E+01    0.51033E+00
    0.48050E+01    0.48501E+00
    0.49021E+01    0.46092E+00
    0.50011E+01    0.43801E+00
    0.51021E+01    0.41621E+00
    0.52052E+01    0.39549E+00
    0.53104E+01    0.37578E+00
    0.54176E+01    0.35704E+00
    0.55271E+01    0.33922E+00
    0.56387E+01    0.32227E+00
    0.57526E+01    0.30616E+00
    0.58689E+01    0.29084E+00
    0.59874E+01    0.27628E+00
    0.61084E+01    0.26244E+00
    0.62318E+01    0.24928E+00
    0.63577E+01    0.23677E+00
    0.64861E+01    0.22488E+00
    0.66171E+01    0.21357E+00
    0.67508E+01    0.20283E+00
    0.68872E+01    0.19262E+00
    0.70263E+01    0.18292E+00
    0.71682E+01    0.17370E+00
    0.73130E+01    0.16494E+00
    0.74608E+01    0.15661E+00
    0.76115E+01    0.14870E+00
    0.77653E+01    0.14118E+00
    0.79221E+01    0.13404E+00
    0.80822E+01    0.12726E+00
    0.82454E+01    0.12081E+00
    0.84120E+01    0.11469E+00
    0.85819E+01    0.10887E+00
    0.87553E+01    0.10334E+00
    0.89322E+01    0.98096E-01
    0.91126E+01    0.93110E-01
    0.92967E+01    0.88375E-01
    0.94845E+01    0.83878E-01
    0.96761E+01    0.79607E-01
    0.98716E+01    0.75551E-01
    0.10071E+02    0.71699E-01
    0.10274E+02    0.68041E-01
    0.10482E+02    0.64568E-01
    0.10694E+02    0.61269E-01
    0.10910E+02    0.58138E-01
    0.11130E+02    0.55165E-01
    0.11355E+02    0.52342E-01
    0.11584E+02    0.49662E-01
    0.11818E+02    0.47117E-01
    0.12057E+02    0.44702E-01
    0.12301E+02    0.42409E-01
    0.12549E+02    0.40232E-01
    0.12803E+02    0.38166E-01
    0.13061E+02    0.36205E-01
    0.13325E+02    0.34344E-01
    0.13594E+02    0.32577E-01
    0.13869E+02    0.30900E-01
    0.14149E+02    0.29309E-01
    0.14435E+02    0.27799E-01
    0.14727E+02    0.26366E-01
    0.15024E+02    0.25006E-01
    0.15328E+02    0.23715E-01
    0.15637E+02    0.22490E-01
    0.15953E+02    0.21328E-01
    0.16275E+02    0.20226E-01
    0.16604E+02    0.19180E-01
    0.16940E+02    0.18187E-01
    0.17282E+02    0.17245E-01
    0.17631E+02    0.16352E-01
    0.17987E+02    0.15505E-01
    0.18351E+02    0.14701E-01
    0.18721E+02    0.13938E-01
    0.19099E+02    0.13214E-01
    0.19485E+02    0.12528E-01
    0.19879E+02    0.11877E-01
    0.20280E+02    0.11260E-01
    0.20690E+02    0.10674E-01
    0.21108E+02    0.10119E-01
    0.21535E+02    0.95918E-02
    0.21970E+02    0.90921E-02
    0.22413E+02    0.86183E-02
    0.22866E+02    0.81690E-02
    0.23328E+02    0.77428E-02
    0.23799E+02    0.73387E-02
    0.24280E+02    0.69556E-02
    0.24771E+02    0.65922E-02
    0.25271E+02    0.62477E-02
    0.25782E+02    0.59210E-02
    0.26302E+02    0.56113E-02
    0.26834E+02    0.53176E-02
    0.27376E+02    0.50392E-02
    0.27929E+02    0.47752E-02
    0.28493E+02    0.45249E-02
    0.29069E+02    0.42877E-02
    0.29656E+02    0.40628E-02
    0.30255E+02    0.38495E-02
    0.30866E+02    0.36474E-02
    0.31490E+02    0.34558E-02
    0.32126E+02    0.32742E-02
    0.32775E+02    0.31021E-02
    0.33437E+02    0.29389E-02
    0.34112E+02    0.27843E-02
    0.34801E+02    0.26377E-02
    0.35504E+02    0.24988E-02
    0.36222E+02    0.23671E-02
    0.36953E+02    0.22423E-02
    0.37700E+02    0.21241E-02
    0.38462E+02    0.20120E-02
    0.39239E+02    0.19058E-02
    0.40031E+02    0.18051E-02
    0.40840E+02    0.17098E-02
    0.41665E+02    0.16194E-02
    0.42507E+02    0.15338E-02
    0.43365E+02    0.14526E-02
    0.44241E+02    0.13757E-02
    0.45135E+02    0.13029E-02
    0.46047E+02    0.12339E-02
    0.46977E+02    0.11685E-02
    0.47926E+02    0.11065E-02
    0.48894E+02    0.10478E-02
    0.49882E+02    0.99224E-03
    0.50890E+02    0.93956E-03
    0.51918E+02    0.88965E-03
    0.52966E+02    0.84238E-03
    0.54036E+02    0.79759E-03
    0.55128E+02    0.75517E-03
    0.56242E+02    0.71498E-03
    0.57378E+02    0.67691E-03
    0.58537E+02    0.64086E-03
    0.59720E+02    0.60671E-03
    0.60926E+02    0.57436E-03
    0.62157E+02    0.54372E-03
    0.63412E+02    0.51471E-03
    0.64693E+02    0.48723E-03
    0.66000E+02    0.46120E-03
    0.67334E+02    0.43656E-03
    0.68694E+02    0.41322E-03
    0.70082E+02    0.39111E-03
    0.71497E+02    0.37018E-03
    0.72942E+02    0.35037E-03
    0.74415E+02    0.33160E-03
    0.75918E+02    0.31383E-03
    0.77452E+02    0.29700E-03
    0.79017E+02    0.28106E-03
    0.80613E+02    0.26597E-03
    0.82241E+02    0.25168E-03
    0.83903E+02    0.23815E-03
    0.85598E+02    0.22534E-03
    0.87327E+02    0.21321E-03
    0.89091E+02    0.20172E-03
    0.90891E+02    0.19084E-03
    0.92727E+02    0.18054E-03
    0.94600E+02    0.17080E-03
    0.96511E+02    0.16157E-03
    0.98461E+02    0.15284E-03
    0.10045E+03    0.14458E-03
    0.10248E+03    0.13677E-03
    0.10455E+03    0.12937E-03
    0.10666E+03    0.12237E-03
