  0.745823E-04  0.110273E+08  0.110273E+08  0.145028E+08  0.145022E+08  0.110291E+08  0.110273E+08
  0.104088E-03  0.110267E+08  0.110267E+08  0.143146E+08  0.143135E+08  0.110270E+08  0.110267E+08
  0.145267E-03  0.110255E+08  0.110255E+08  0.139545E+08  0.139526E+08  0.110230E+08  0.110255E+08
  0.202736E-03  0.110233E+08  0.110233E+08  0.132777E+08  0.132741E+08  0.110153E+08  0.110233E+08
  0.282941E-03  0.110190E+08  0.110190E+08  0.120474E+08  0.120413E+08  0.110002E+08  0.110189E+08
  0.394875E-03  0.110108E+08  0.110108E+08  0.995624E+07  0.994716E+07  0.109713E+08  0.110106E+08
  0.551093E-03  0.109953E+08  0.109953E+08  0.684924E+07  0.683951E+07  0.109161E+08  0.109950E+08
  0.769112E-03  0.109670E+08  0.109669E+08  0.335823E+07  0.335498E+07  0.108127E+08  0.109663E+08
  0.107338E-02  0.109171E+08  0.109170E+08  0.124082E+07  0.124532E+07  0.106248E+08  0.109158E+08
  0.149803E-02  0.108336E+08  0.108333E+08  0.798129E+06  0.794695E+06  0.103014E+08  0.108311E+08
  0.209066E-02  0.106994E+08  0.106989E+08  0.332288E+06  0.326755E+06  0.979463E+07  0.106953E+08
  0.291776E-02  0.104922E+08  0.104913E+08  0.000000E+00  0.000000E+00  0.908987E+07  0.104857E+08
  0.407206E-02  0.101856E+08  0.101838E+08  0.000000E+00  0.000000E+00  0.821205E+07  0.101764E+08
  0.421008E-02  0.101484E+08  0.101465E+08  0.000000E+00  0.000000E+00  0.811515E+07  0.101389E+08
  0.435278E-02  0.101099E+08  0.101079E+08  0.000000E+00  0.000000E+00  0.801655E+07  0.101002E+08
  0.450032E-02  0.100701E+08  0.100679E+08  0.000000E+00  0.000000E+00  0.791607E+07  0.100600E+08
  0.465286E-02  0.100289E+08  0.100266E+08  0.000000E+00  0.000000E+00  0.781405E+07  0.100186E+08
  0.481057E-02  0.998636E+07  0.998391E+07  0.000000E+00  0.000000E+00  0.771036E+07  0.997572E+07
  0.497362E-02  0.994240E+07  0.993978E+07  0.000000E+00  0.000000E+00  0.760501E+07  0.993145E+07
  0.514220E-02  0.989699E+07  0.989420E+07  0.000000E+00  0.000000E+00  0.749802E+07  0.988574E+07
  0.531650E-02  0.985011E+07  0.984715E+07  0.000000E+00  0.000000E+00  0.738941E+07  0.983856E+07
  0.549670E-02  0.980174E+07  0.979858E+07  0.000000E+00  0.000000E+00  0.727916E+07  0.978988E+07
  0.568301E-02  0.975185E+07  0.974848E+07  0.000000E+00  0.000000E+00  0.716727E+07  0.973968E+07
  0.587564E-02  0.970040E+07  0.969682E+07  0.000000E+00  0.000000E+00  0.705369E+07  0.968792E+07
  0.607480E-02  0.964765E+07  0.964383E+07  0.000000E+00  0.000000E+00  0.692080E+07  0.963476E+07
  0.628070E-02  0.959300E+07  0.958894E+07  0.000000E+00  0.000000E+00  0.680105E+07  0.957979E+07
  0.649359E-02  0.953672E+07  0.953240E+07  0.000000E+00  0.000000E+00  0.667929E+07  0.952317E+07
  0.671369E-02  0.947877E+07  0.947417E+07  0.000000E+00  0.000000E+00  0.655550E+07  0.946488E+07
  0.694125E-02  0.941911E+07  0.941422E+07  0.000000E+00  0.000000E+00  0.642973E+07  0.940488E+07
  0.717652E-02  0.935773E+07  0.935253E+07  0.000000E+00  0.000000E+00  0.630210E+07  0.934315E+07
  0.741977E-02  0.929459E+07  0.928905E+07  0.000000E+00  0.000000E+00  0.617282E+07  0.927966E+07
  0.767127E-02  0.922966E+07  0.922377E+07  0.000000E+00  0.000000E+00  0.604222E+07  0.921438E+07
  0.793129E-02  0.916277E+07  0.915652E+07  0.000000E+00  0.000000E+00  0.591043E+07  0.914714E+07
  0.820012E-02  0.909417E+07  0.908752E+07  0.000000E+00  0.000000E+00  0.577837E+07  0.907819E+07
  0.847806E-02  0.902369E+07  0.901663E+07  0.000000E+00  0.000000E+00  0.564602E+07  0.900738E+07
  0.876543E-02  0.895132E+07  0.894382E+07  0.000000E+00  0.000000E+00  0.551353E+07  0.893466E+07
  0.906253E-02  0.887702E+07  0.886905E+07  0.000000E+00  0.000000E+00  0.538096E+07  0.886003E+07
  0.936971E-02  0.880077E+07  0.879231E+07  0.000000E+00  0.000000E+00  0.524821E+07  0.878345E+07
  0.968729E-02  0.872260E+07  0.871362E+07  0.000000E+00  0.000000E+00  0.511503E+07  0.870495E+07
  0.100156E-01  0.864238E+07  0.863285E+07  0.000000E+00  0.000000E+00  0.498144E+07  0.862440E+07
  0.103551E-01  0.856013E+07  0.855003E+07  0.000000E+00  0.000000E+00  0.484732E+07  0.854183E+07
  0.107061E-01  0.847583E+07  0.846512E+07  0.000000E+00  0.000000E+00  0.471276E+07  0.845721E+07
  0.110690E-01  0.838944E+07  0.837809E+07  0.000000E+00  0.000000E+00  0.457796E+07  0.837051E+07
  0.114442E-01  0.830093E+07  0.828891E+07  0.000000E+00  0.000000E+00  0.444320E+07  0.828169E+07
  0.118321E-01  0.821031E+07  0.819758E+07  0.000000E+00  0.000000E+00  0.430875E+07  0.819076E+07
  0.122331E-01  0.811753E+07  0.810405E+07  0.000000E+00  0.000000E+00  0.417487E+07  0.809767E+07
  0.126478E-01  0.802257E+07  0.800832E+07  0.000000E+00  0.000000E+00  0.404179E+07  0.800242E+07
  0.130765E-01  0.792542E+07  0.791035E+07  0.000000E+00  0.000000E+00  0.390969E+07  0.790499E+07
  0.135197E-01  0.782605E+07  0.781013E+07  0.000000E+00  0.000000E+00  0.377871E+07  0.780535E+07
  0.139780E-01  0.772445E+07  0.770764E+07  0.000000E+00  0.000000E+00  0.364891E+07  0.770349E+07
  0.144517E-01  0.762061E+07  0.760288E+07  0.000000E+00  0.000000E+00  0.352027E+07  0.759939E+07
  0.149416E-01  0.751453E+07  0.749582E+07  0.000000E+00  0.000000E+00  0.339269E+07  0.749306E+07
  0.154480E-01  0.740619E+07  0.738647E+07  0.000000E+00  0.000000E+00  0.326618E+07  0.738448E+07
  0.159716E-01  0.729559E+07  0.727484E+07  0.000000E+00  0.000000E+00  0.314095E+07  0.727366E+07
  0.165130E-01  0.718275E+07  0.716091E+07  0.000000E+00  0.000000E+00  0.301737E+07  0.716060E+07
  0.170727E-01  0.706767E+07  0.704472E+07  0.000000E+00  0.000000E+00  0.289575E+07  0.704532E+07
  0.176514E-01  0.695037E+07  0.692628E+07  0.000000E+00  0.000000E+00  0.277622E+07  0.692784E+07
  0.182497E-01  0.683089E+07  0.680561E+07  0.000000E+00  0.000000E+00  0.265872E+07  0.680818E+07
  0.188683E-01  0.670926E+07  0.668277E+07  0.000000E+00  0.000000E+00  0.254323E+07  0.668639E+07
  0.195078E-01  0.658552E+07  0.655780E+07  0.000000E+00  0.000000E+00  0.242982E+07  0.656251E+07
  0.201690E-01  0.645975E+07  0.643077E+07  0.000000E+00  0.000000E+00  0.231864E+07  0.643661E+07
  0.208527E-01  0.633200E+07  0.630176E+07  0.000000E+00  0.000000E+00  0.220988E+07  0.630876E+07
  0.215595E-01  0.620239E+07  0.617086E+07  0.000000E+00  0.000000E+00  0.210370E+07  0.617905E+07
  0.222902E-01  0.607100E+07  0.603819E+07  0.000000E+00  0.000000E+00  0.200020E+07  0.604759E+07
  0.230458E-01  0.593797E+07  0.590388E+07  0.000000E+00  0.000000E+00  0.189934E+07  0.591451E+07
  0.238269E-01  0.580344E+07  0.576808E+07  0.000000E+00  0.000000E+00  0.180112E+07  0.577994E+07
  0.246345E-01  0.566757E+07  0.563097E+07  0.000000E+00  0.000000E+00  0.170575E+07  0.564407E+07
  0.254695E-01  0.553055E+07  0.549275E+07  0.000000E+00  0.000000E+00  0.161342E+07  0.550707E+07
  0.263328E-01  0.539260E+07  0.535363E+07  0.000000E+00  0.000000E+00  0.152412E+07  0.536915E+07
  0.272253E-01  0.525395E+07  0.521388E+07  0.000000E+00  0.000000E+00  0.143783E+07  0.523057E+07
  0.281482E-01  0.511487E+07  0.507377E+07  0.000000E+00  0.000000E+00  0.135461E+07  0.509159E+07
  0.291022E-01  0.497566E+07  0.493362E+07  0.000000E+00  0.000000E+00  0.127457E+07  0.495250E+07
  0.300887E-01  0.483663E+07  0.479374E+07  0.000000E+00  0.000000E+00  0.119779E+07  0.481361E+07
  0.311085E-01  0.469812E+07  0.465452E+07  0.000000E+00  0.000000E+00  0.112424E+07  0.467529E+07
  0.321629E-01  0.456051E+07  0.451632E+07  0.000000E+00  0.000000E+00  0.105389E+07  0.453790E+07
  0.332531E-01  0.442420E+07  0.437958E+07  0.000000E+00  0.000000E+00  0.986860E+06  0.440183E+07
  0.343802E-01  0.428959E+07  0.424471E+07  0.000000E+00  0.000000E+00  0.923136E+06  0.426750E+07
  0.355456E-01  0.415711E+07  0.411216E+07  0.000000E+00  0.000000E+00  0.862653E+06  0.413533E+07
  0.367504E-01  0.402719E+07  0.398237E+07  0.000000E+00  0.000000E+00  0.805405E+06  0.400576E+07
  0.379960E-01  0.389985E+07  0.385536E+07  0.000000E+00  0.000000E+00  0.751322E+06  0.387880E+07
  0.392839E-01  0.377533E+07  0.373141E+07  0.000000E+00  0.000000E+00  0.700292E+06  0.375470E+07
  0.406154E-01  0.365458E+07  0.361147E+07  0.000000E+00  0.000000E+00  0.652346E+06  0.363440E+07
  0.419921E-01  0.353807E+07  0.349600E+07  0.000000E+00  0.000000E+00  0.607481E+06  0.351838E+07
  0.434154E-01  0.342619E+07  0.338538E+07  0.000000E+00  0.000000E+00  0.565568E+06  0.340700E+07
  0.448870E-01  0.331919E+07  0.327989E+07  0.000000E+00  0.000000E+00  0.526504E+06  0.330054E+07
  0.464085E-01  0.321721E+07  0.317963E+07  0.000000E+00  0.000000E+00  0.490181E+06  0.319913E+07
  0.479815E-01  0.312023E+07  0.308457E+07  0.000000E+00  0.000000E+00  0.456400E+06  0.310273E+07
  0.496078E-01  0.302809E+07  0.299451E+07  0.000000E+00  0.000000E+00  0.425031E+06  0.301118E+07
  0.512893E-01  0.294048E+07  0.290914E+07  0.000000E+00  0.000000E+00  0.395881E+06  0.292418E+07
  0.530277E-01  0.285704E+07  0.282802E+07  0.000000E+00  0.000000E+00  0.368770E+06  0.284135E+07
  0.548251E-01  0.277730E+07  0.275066E+07  0.000000E+00  0.000000E+00  0.343535E+06  0.276223E+07
  0.566834E-01  0.270080E+07  0.267652E+07  0.000000E+00  0.000000E+00  0.319990E+06  0.268633E+07
  0.586047E-01  0.262703E+07  0.260505E+07  0.000000E+00  0.000000E+00  0.298004E+06  0.261314E+07
  0.613670E-01  0.253090E+07  0.251188E+07  0.000000E+00  0.000000E+00  0.270156E+06  0.251778E+07
  0.641293E-01  0.243971E+07  0.242314E+07  0.000000E+00  0.000000E+00  0.245512E+06  0.242726E+07
  0.668916E-01  0.235294E+07  0.233827E+07  0.000000E+00  0.000000E+00  0.223623E+06  0.234108E+07
  0.696540E-01  0.226837E+07  0.225501E+07  0.000000E+00  0.000000E+00  0.203938E+06  0.225700E+07
  0.724163E-01  0.218454E+07  0.217193E+07  0.000000E+00  0.000000E+00  0.186077E+06  0.217358E+07
  0.751786E-01  0.210074E+07  0.208839E+07  0.000000E+00  0.000000E+00  0.169781E+06  0.209013E+07
  0.779409E-01  0.201701E+07  0.200450E+07  0.000000E+00  0.000000E+00  0.154886E+06  0.200668E+07
  0.807032E-01  0.193391E+07  0.192094E+07  0.000000E+00  0.000000E+00  0.141284E+06  0.192383E+07
  0.834655E-01  0.185236E+07  0.183872E+07  0.000000E+00  0.000000E+00  0.128907E+06  0.184249E+07
  0.862278E-01  0.177333E+07  0.175895E+07  0.000000E+00  0.000000E+00  0.117695E+06  0.176365E+07
  0.889901E-01  0.169771E+07  0.168261E+07  0.000000E+00  0.000000E+00  0.107582E+06  0.168822E+07
  0.917524E-01  0.162622E+07  0.161051E+07  0.000000E+00  0.000000E+00  0.984974E+05  0.161692E+07
  0.945147E-01  0.155944E+07  0.154331E+07  0.000000E+00  0.000000E+00  0.903772E+05  0.155033E+07
  0.972770E-01  0.149779E+07  0.148149E+07  0.000000E+00  0.000000E+00  0.831408E+05  0.148890E+07
  0.100039E+00  0.144158E+07  0.142535E+07  0.000000E+00  0.000000E+00  0.767171E+05  0.143292E+07
  0.102802E+00  0.139091E+07  0.137503E+07  0.000000E+00  0.000000E+00  0.710322E+05  0.138251E+07
  0.105564E+00  0.134570E+07  0.133041E+07  0.000000E+00  0.000000E+00  0.660079E+05  0.133758E+07
  0.108326E+00  0.130564E+07  0.129115E+07  0.000000E+00  0.000000E+00  0.615655E+05  0.129780E+07
  0.111089E+00  0.127018E+07  0.125665E+07  0.000000E+00  0.000000E+00  0.576228E+05  0.126263E+07
  0.113851E+00  0.123863E+07  0.122615E+07  0.000000E+00  0.000000E+00  0.541045E+05  0.123137E+07
  0.116613E+00  0.121019E+07  0.119880E+07  0.000000E+00  0.000000E+00  0.509363E+05  0.120321E+07
  0.119376E+00  0.118403E+07  0.117370E+07  0.000000E+00  0.000000E+00  0.480528E+05  0.117732E+07
  0.122138E+00  0.115932E+07  0.114998E+07  0.000000E+00  0.000000E+00  0.453983E+05  0.115286E+07
  0.124900E+00  0.113532E+07  0.112684E+07  0.000000E+00  0.000000E+00  0.429252E+05  0.112909E+07
  0.127662E+00  0.111138E+07  0.110361E+07  0.000000E+00  0.000000E+00  0.405948E+05  0.110536E+07
  0.130425E+00  0.108700E+07  0.107976E+07  0.000000E+00  0.000000E+00  0.383804E+05  0.108116E+07
  0.133187E+00  0.106188E+07  0.105499E+07  0.000000E+00  0.000000E+00  0.362633E+05  0.105620E+07
  0.135949E+00  0.103591E+07  0.102920E+07  0.000000E+00  0.000000E+00  0.342339E+05  0.103036E+07
  0.138712E+00  0.100919E+07  0.100250E+07  0.000000E+00  0.000000E+00  0.322901E+05  0.100375E+07
  0.141474E+00  0.981934E+06  0.975143E+06  0.000000E+00  0.000000E+00  0.304347E+05  0.976598E+06
  0.144236E+00  0.954468E+06  0.947480E+06  0.000000E+00  0.000000E+00  0.286710E+05  0.949217E+06
  0.146999E+00  0.927129E+06  0.919888E+06  0.000000E+00  0.000000E+00  0.270037E+05  0.921955E+06
  0.149761E+00  0.900250E+06  0.892735E+06  0.000000E+00  0.000000E+00  0.254363E+05  0.895148E+06
  0.152523E+00  0.874143E+06  0.866369E+06  0.000000E+00  0.000000E+00  0.239705E+05  0.869112E+06
  0.155286E+00  0.849102E+06  0.841114E+06  0.000000E+00  0.000000E+00  0.226073E+05  0.844145E+06
  0.158048E+00  0.825401E+06  0.817268E+06  0.000000E+00  0.000000E+00  0.213474E+05  0.820523E+06
  0.160810E+00  0.803280E+06  0.795087E+06  0.000000E+00  0.000000E+00  0.201895E+05  0.798487E+06
  0.163572E+00  0.782916E+06  0.774756E+06  0.000000E+00  0.000000E+00  0.191308E+05  0.778215E+06
  0.166335E+00  0.764390E+06  0.756358E+06  0.000000E+00  0.000000E+00  0.181665E+05  0.759788E+06
  0.169097E+00  0.747671E+06  0.739856E+06  0.000000E+00  0.000000E+00  0.172896E+05  0.743174E+06
  0.171859E+00  0.732620E+06  0.725096E+06  0.000000E+00  0.000000E+00  0.164906E+05  0.728232E+06
  0.174622E+00  0.718999E+06  0.711826E+06  0.000000E+00  0.000000E+00  0.157592E+05  0.714723E+06
  0.177384E+00  0.706538E+06  0.699752E+06  0.000000E+00  0.000000E+00  0.150851E+05  0.702375E+06
  0.180146E+00  0.694949E+06  0.688568E+06  0.000000E+00  0.000000E+00  0.144586E+05  0.690898E+06
  0.182909E+00  0.683962E+06  0.677982E+06  0.000000E+00  0.000000E+00  0.138710E+05  0.680020E+06
  0.185671E+00  0.673338E+06  0.667733E+06  0.000000E+00  0.000000E+00  0.133153E+05  0.669498E+06
  0.188433E+00  0.662865E+06  0.657596E+06  0.000000E+00  0.000000E+00  0.127857E+05  0.659122E+06
  0.191196E+00  0.652364E+06  0.647379E+06  0.000000E+00  0.000000E+00  0.122770E+05  0.648710E+06
  0.193958E+00  0.641688E+06  0.636927E+06  0.000000E+00  0.000000E+00  0.117857E+05  0.638114E+06
  0.196720E+00  0.630732E+06  0.626132E+06  0.000000E+00  0.000000E+00  0.113091E+05  0.627230E+06
  0.199482E+00  0.619441E+06  0.614941E+06  0.000000E+00  0.000000E+00  0.108455E+05  0.616004E+06
  0.202245E+00  0.607820E+06  0.603362E+06  0.000000E+00  0.000000E+00  0.103945E+05  0.604440E+06
  0.205007E+00  0.595927E+06  0.591464E+06  0.000000E+00  0.000000E+00  0.995673E+04  0.592597E+06
  0.207769E+00  0.583863E+06  0.579358E+06  0.000000E+00  0.000000E+00  0.953324E+04  0.580580E+06
  0.210532E+00  0.571760E+06  0.567188E+06  0.000000E+00  0.000000E+00  0.912543E+04  0.568519E+06
  0.213294E+00  0.559754E+06  0.555104E+06  0.000000E+00  0.000000E+00  0.873489E+04  0.556554E+06
  0.216056E+00  0.547982E+06  0.543254E+06  0.000000E+00  0.000000E+00  0.836278E+04  0.544821E+06
  0.218819E+00  0.536568E+06  0.531775E+06  0.000000E+00  0.000000E+00  0.801021E+04  0.533447E+06
  0.227570E+00  0.503855E+06  0.499023E+06  0.000000E+00  0.000000E+00  0.702579E+04  0.500871E+06
  0.236672E+00  0.476524E+06  0.471984E+06  0.000000E+00  0.000000E+00  0.620484E+04  0.473704E+06
  0.246137E+00  0.453973E+06  0.449960E+06  0.000000E+00  0.000000E+00  0.551837E+04  0.451333E+06
  0.255982E+00  0.433064E+06  0.429552E+06  0.000000E+00  0.000000E+00  0.491252E+04  0.430592E+06
  0.266220E+00  0.410909E+06  0.407661E+06  0.000000E+00  0.000000E+00  0.434796E+04  0.408576E+06
  0.276867E+00  0.386920E+06  0.383697E+06  0.000000E+00  0.000000E+00  0.381721E+04  0.384696E+06
  0.287940E+00  0.363150E+06  0.359906E+06  0.000000E+00  0.000000E+00  0.333912E+04  0.361028E+06
  0.299456E+00  0.342126E+06  0.339011E+06  0.000000E+00  0.000000E+00  0.293114E+04  0.340117E+06
  0.311433E+00  0.324237E+06  0.321404E+06  0.000000E+00  0.000000E+00  0.258765E+04  0.322350E+06
  0.323889E+00  0.307671E+06  0.305112E+06  0.000000E+00  0.000000E+00  0.228657E+04  0.305900E+06
  0.336843E+00  0.290591E+06  0.288171E+06  0.000000E+00  0.000000E+00  0.201035E+04  0.288917E+06
  0.350315E+00  0.273200E+06  0.270833E+06  0.000000E+00  0.000000E+00  0.175873E+04  0.271612E+06
  0.364325E+00  0.257151E+06  0.254880E+06  0.000000E+00  0.000000E+00  0.154000E+04  0.255648E+06
  0.378896E+00  0.242957E+06  0.240859E+06  0.000000E+00  0.000000E+00  0.135321E+04  0.241544E+06
  0.394050E+00  0.229620E+06  0.227681E+06  0.000000E+00  0.000000E+00  0.118914E+04  0.228292E+06
  0.409810E+00  0.216287E+06  0.214439E+06  0.000000E+00  0.000000E+00  0.104111E+04  0.215032E+06
  0.426201E+00  0.203454E+06  0.201687E+06  0.000000E+00  0.000000E+00  0.910041E+03  0.202269E+06
  0.443246E+00  0.191769E+06  0.190115E+06  0.000000E+00  0.000000E+00  0.796892E+03  0.190654E+06
  0.460974E+00  0.180843E+06  0.179301E+06  0.000000E+00  0.000000E+00  0.697984E+03  0.179794E+06
  0.479410E+00  0.170221E+06  0.168761E+06  0.000000E+00  0.000000E+00  0.610044E+03  0.169231E+06
  0.498584E+00  0.160157E+06  0.158775E+06  0.000000E+00  0.000000E+00  0.532845E+03  0.159224E+06
  0.518525E+00  0.150819E+06  0.149525E+06  0.000000E+00  0.000000E+00  0.465723E+03  0.149942E+06
  0.539263E+00  0.141949E+06  0.140732E+06  0.000000E+00  0.000000E+00  0.406745E+03  0.141123E+06
  0.560831E+00  0.133499E+06  0.132351E+06  0.000000E+00  0.000000E+00  0.354894E+03  0.132722E+06
  0.583261E+00  0.125586E+06  0.124508E+06  0.000000E+00  0.000000E+00  0.309675E+03  0.124855E+06
  0.606589E+00  0.118114E+06  0.117100E+06  0.000000E+00  0.000000E+00  0.270103E+03  0.117426E+06
  0.630849E+00  0.111035E+06  0.110081E+06  0.000000E+00  0.000000E+00  0.235440E+03  0.110389E+06
  0.656080E+00  0.104381E+06  0.103485E+06  0.000000E+00  0.000000E+00  0.205187E+03  0.103773E+06
  0.819345E+00  0.732353E+05  0.726070E+05  0.000000E+00  0.000000E+00  0.934672E+02  0.728087E+05
  0.102324E+01  0.510805E+05  0.506425E+05  0.000000E+00  0.000000E+00  0.421610E+02  0.507829E+05
  0.127787E+01  0.354382E+05  0.351343E+05  0.000000E+00  0.000000E+00  0.188641E+02  0.352317E+05
  0.159587E+01  0.244681E+05  0.242583E+05  0.000000E+00  0.000000E+00  0.116109E+02  0.243255E+05
  0.199299E+01  0.168207E+05  0.166765E+05  0.000000E+00  0.000000E+00  0.514382E+01  0.167227E+05
  0.248895E+01  0.115181E+05  0.114193E+05  0.000000E+00  0.000000E+00  0.226601E+01  0.114510E+05
