0.981010022358481 82.320721597218878
0.98713080886772642 82.299558173789265
0.99328978461728334 82.278150261998874
0.9994871878801378 82.256495250284019
1.0057232584159237 82.234590503726849
1.0119982374802019 82.21243336394167
1.0183123678337918 82.19002114896351
1.0246658937521613 82.167351153138128
1.0310590610348809 82.144420647013462
1.0374921170151306 82.121226877233283
1.0439653105692677 82.09776706643251
1.0504788921264574 82.074038413134389
1.0570331136783608 82.050038091649597
1.0636282287888812 82.02576325197748
1.0702644926039768 82.001211019709459
1.07694216186153 81.976378495934398
1.0836614949012811 81.951262757146367
1.0904227516748197 81.925860855154653
1.0972261937556456 81.900169816996026
1.1040720843492857 81.874186644849743
1.1109606883034768 81.847908315954868
1.1178922721184128 81.821331782529995
1.1248671039570546 81.794453971696143
1.1318854536555027 81.76727178540186
1.1389475927334398 81.739782100351448
1.146053794404633 81.711981767936081
1.153204333587502 81.683867614167724
1.1603994869157588 81.655436439616054
1.1676395327491069 81.626685019349011
1.1749247511840122 81.597610102875834
1.1822554240645364 81.568208414093903
1.1896318349932438 81.538476651238767
1.1970542693421717 81.50841148683763
1.2045230142638692 81.478009567666476
1.2120383587025092 81.447267514710617
1.2196005934050655 81.41618192312923
1.2272100109325594 81.38474936222336
1.2348669056713799 81.352966375408258
1.2425715738446739 81.320829480189161
1.2503243135238014 81.288335168141643
1.2581254246398728 81.255479904895694
1.2659752089953489 81.222260130124397
1.2738739702757167 81.188672257536865
1.2818220140612402 81.154712674875285
1.2898196478387809 81.120377743917032
1.2978671810136937 81.085663800480972
1.3059649249217964 81.050567154438838
1.3141131928414163 81.015084089731005
1.3223123000055086 80.979210864387582
1.3305625636138507 80.942943710554346
1.3388643028453169 80.906278834523704
1.3472178388702238 80.86921241677112
1.3556234948627561 80.831740611996537
1.36408159601347 80.793859549171543
1.3725924695418741 80.755565331591711
1.3811564447090861 80.716854036934976
1.3897738528305736 80.677721717325255
1.3984450272889719 80.638164399402356
1.40717030354698 80.598178084397475
1.4159500191603378 80.557758748214908
1.4247845137908886 80.516902341519838
1.4336741292197175 80.475604789832374
1.4426192093603725 80.433861993628156
1.4516201002721725 80.391669828444876
1.4606771501735947 80.349024144996037
1.4697907094557432 80.305920769290978
1.4789611306959083 80.262355502761707
1.4881887686712059 80.218324122396751
1.4974739803722998 80.173822380882058
1.5068171250172171 80.12884600674883
1.5162185640652435 80.083390704528597
1.5256786612309039 80.037452154915854
1.5351977824980396 79.991026014937844
1.5447762961339624 79.944107918132161
1.5544145727037042 79.896693474731634
1.5641129850843503 79.848778271857597
1.573871908479469 79.800357873720301
1.5836917204336245 79.751427821827903
1.5935728008469823 79.701983635203291
1.6035155319900087 79.652020810609244
1.6135202985182595 79.601534822781602
1.623587487487258 79.550521124671462
1.6337174883674737 79.498975147695234
1.6439106930593874 79.446892301993884
1.6541674959086505 79.394267976700647
1.6644882937213463 79.34109754021766
1.674873485779337 79.287376340501666
1.6853234738557137 79.233099705358626
1.6958386622303347 79.178262942747764
1.7064194577054734 79.122861341094648
1.7170662696215517 79.066890169613799
1.7277795098729745 79.010344678640934
1.7385595929240698 78.953220099974558
1.7494069358251205 78.895511647227309
1.7603219582284961 78.837214516187544
1.7713050824048935 78.778323885190161
1.7823567332596704 78.718834915497993
1.7934773383492808 78.658742751693069
1.804667327897822 78.598042522078146
1.8159271348136761 78.53672933908851
1.8272571947062535 78.474798299714422
1.8386579459028531 78.412244485933627
1.8501298294656154 78.349062965155014
1.8616732892085868 78.285248790672327
1.8732887717148872 78.220797002129473
1.8849767263539927 78.155702625995829
1.8967376052991152 78.089960676053238
1.9085718635446962 78.023566153893583
1.9204799589240127 77.95651404942771
1.9324623521268858 77.888799341405544
1.9445195067175054 77.820416997947433
1.956651889152363 77.751361977086987
1.9688599687982988 77.681629227325217
1.9811442179506598 77.611213688196273
1.9935051118515694 77.540110290844893
2.0059431287083171 77.468313958615298
2.0184587497118565 77.395819607651973
2.0310524590554193 77.322622147512291
2.0437247439532529 77.248716481790808
2.0564760946594629 77.174097508755679
2.0693070044869857 77.098760121997032
2.0822179698266683 77.0226992110872
2.0952094901664746 76.945909662253285
2.108282068110809 76.868386359061731
2.1214362093999606 76.790124183115125
2.1346724229296679 76.711118014761155
2.1479912207708103 76.63136273381393
2.1613931181892112 76.550853220287578
2.174878633665581 76.46958435514216
2.1884482889155685 76.387551021042057
2.2021026089099474 76.304748103126514
2.2158421218949282 76.221170489792911
2.2296673594125904 76.136813073492334
2.2435788563214474 76.051670751537458
2.2575771508171409 75.965738426923238
2.2716627844532602 75.879011009159711
2.2858363021622932 75.791483415117582
2.3000982522767095 75.703150569886162
2.314449186550172 75.614007407643726
2.3288896601788855 75.524048872540462
2.3434202318230715 75.43326991959384
2.3580414636285854 75.341665515596446
2.3727539212486621 75.24923064003616
2.3875581738657994 75.155960286028744
2.4024547942137788 75.061849461263037
2.417444358599822 74.96689318895811
2.4325274469268874 74.871086508832946
2.4477046427161055 74.774424478088335
2.4629765331293512 74.676902172401057
2.4783437089919627 74.578514686929864
2.493806764815595 74.47925713733413
2.5093662988212224 74.379124660803981
2.5250229129622839 74.278112417102562
2.5407772129479653 74.176215589620483
2.5566298082666377 74.073429386441518
2.5725813122094339 73.969749041420528
2.5886323418939754 73.865169815272552
2.6047835182882486 73.759686996673963
2.6210354662346256 73.653295903374442
2.6373888144740385 73.545991883320809
2.6538441956703069 73.43777031579161
2.6704022464346067 73.328626612543275
2.6870636073501051 73.218556218966569
2.7038289229967418 73.107554615254628
2.7206988419761609 72.995617317581093
2.737674016936813 72.882739879289034
2.7547551045991936 72.768917892090272
2.7719427657812572 72.654146987274927
2.7892376654239794 72.538422836930891
2.8066404726170835 72.421741155173464
2.8241518606249212 72.304097699384542
2.8417725069125264 72.18548827146131
2.8595030931718162 72.065908719074528
2.8773443053479713 71.945354936935757
2.8952968336659679 71.823822868073592
2.9133613726572811 71.701308505118746
2.9315386211867582 71.577807891597615
2.949829282479651 71.453317123234072
2.9682340641488252 71.327832349259566
2.9867536782221324 71.201349773730911
3.005388841169959 71.073865656855617
3.0241402739329453 70.945376316324868
3.0430087019498724 70.815878128653353
3.0619948551857314 70.685367530526008
3.0810994681599628 70.553841020151438
3.1003232799748695 70.421295158621632
3.119667034344217 70.287726571277318
3.1391314796219993 70.153131949079793
3.1587173688313928 70.017508049987441
3.1784254596938926 69.880851700337857
3.1982565146586173 69.743159796234579
3.2182113009318161 69.604429304938378
3.2382905905065433 69.464657266262762
3.2584951601925258 69.323840793973289
3.2788257916462182 69.181977077190297
3.2992832714010389 69.03906338179506
3.3198683908978013 68.895097051838462
3.340581946515333 68.750075510952257
3.3614247396012829 68.603996263762568
3.3823975765031236 68.456856897304718
3.4035012685993498 68.30865508243977
3.4247366323308639 68.159388575272018
3.4461044892325647 68.00905521856653
3.4676056659651282 67.857652943167579
3.4892409943469893 67.705179769416461
3.5110113113865249 67.551633808568383
3.5329174593144308 67.397013264208908
3.5549602856163096 67.241316433668416
3.5771406430654547 67.084541709434887
3.59945938975584 66.926687580564163
3.6219173891353251 66.767752634087515
3.6445155100390494 66.60773555641596
3.6672546267230492 66.446635134740788
3.6901356188980845 66.284450258430027
3.7131593717636631 66.121179920420175
3.7363267760422962 65.956823218602935
3.7596387280139516 65.791379357206281
3.7830961295507279 65.624847648169506
3.8066998881517509 65.457227512511707
3.8304509169782763 65.288518481693288
3.8543501348890188 65.118720198969783
3.8783984664757036 64.947832420737754
3.9025968420988306 64.775855017872217
3.9269461979236735 64.60278797705476
3.9514474759564902 64.428631402092279
3.9761016240809712 64.253385515225617
4.0009095960949121 64.077050658427495
4.0258723517471076 63.899627294689282
4.0509908567744839 63.72111600929626
4.0762660829394646 63.541517511090426
4.1016990080675564 63.360832633720619
4.1272906160851877 63.179062336879589
4.1530418970577685 62.996207707526779
4.1789538472279917 62.812269961097059
4.2050274690543814 62.627250442694361
4.2312637712500694 62.441150628269924
4.2576637688218195 62.253972125784237
4.2842284831093016 62.065716676352714
4.3109589418245928 61.876386155373972
4.3378561790919505 61.685982573640246
4.3649212354878086 61.494508078429938
4.3921551580810387 61.301964954580768
4.4195590004734582 61.108355625543915
4.4471338228405912 60.913682654417912
4.4748806919726851 60.71794874496203
4.5028006813159758 60.521156742588616
4.5308948710142225 60.323309635333636
4.5591643479504942 60.124410554804868
4.5876102057892147 59.924462777107422
4.616233545018475 59.723469723745858
4.6450354729926131 59.521434962502092
4.6740171039750447 59.318362208289038
4.703179559181379 59.114255323979009
4.7325239668227903 58.9091183212064
4.7620514621496675 58.702955361144454
4.791763187495536 58.495770755254732
4.8216602923212459 58.287568966009808
4.8517439332594421 58.078354607587656
4.8820152741593184 57.86813244653775
4.9124754861316333 57.656907402418327
4.943125747594026 57.444684548403849
4.9739672443165972 57.231469111862644
5.0050011694677883 57.017266474903792
5.0362287236605461 56.802082174892959
5.0676511149987586 56.585921904936669
5.0992695591240036 56.368791514334134
5.1310852792625781 56.150697008996723
5.163099506272812 55.931644551834111
5.1953134786926967 55.711640463106605
5.2277284427877975 55.490691220743486
5.2603456525994652 55.268803460626607
5.2931663699933544 55.045983976838777
5.326191864708238 54.822239721876528
5.3594234144051347 54.597577806826905
5.3928623047167346 54.372005501507473
5.4265098292971397 54.145530234569485
5.4603672898719031 53.918159593563573
5.4944359962884022 53.689901324967501
5.5287172665665008 53.460763334175589
5.5632124269495504 53.230753685449493
5.5979228119556854 52.999880601829723
5.6328497644294657 52.768152465007859
5.6679946355938178 52.535577815158504
5.7033587851023144 52.302165350731265
5.7389435810917746 52.067923928201928
5.7747504002351899 51.832862561782655
5.8107806277949896 51.596990423090766
5.8470356576766287 51.360316840775972
5.8835168924825121 51.12285130010558
5.920225743566264 50.884603442507178
5.9571636310873224 50.645583065069104
5.9943319840658864 50.405800119997799
6.0317322404381937 50.165264714031984
6.0693658471121577 49.923987107813616
6.1072342600233407 49.681977715215119
6.1453389441912813 49.439247102622701
6.1836813737761673 49.195805988175813
6.2222630321358734 48.951665240962086
6.261085411883343 48.70683588016805
6.3001500149443368 48.461329074185052
6.3394583526155337 48.215156139670633
6.3790119456230006 47.968328540564841
6.4188123241810269 47.720857887061598
6.4588610280513228 47.472755934534902
6.4991596066025847 47.22403458242006
6.5397096188704422 46.974705873049217
6.5805126336177668 46.72478199044204
6.6215702293953651 46.474275259050742
6.6628839946030523 46.223198142459765
6.7044555275510938 45.971563242040261
6.7462864365220483 45.71938329555902
6.7883783398329829 45.466671175742086
6.8307328658980815 45.213439888793275
6.8733516532916434 44.959702572867293
6.9162363508114773 44.705472496497862
6.9593886175426851 44.450763056980655
7.0028101229218498 44.195587778711712
7.0465025468016185 43.939960311480668
7.0904675795156962 43.683894428719718
7.1347069219442325 43.427404025708086
7.1792222855796304 43.17050311773226
7.2240153925927553 42.913205838202323
7.269087975899561 42.655526436724514
7.314441779228134 42.39747927713028
7.3600785571861511 42.139078835462193
7.4060000753287563 41.880339697916938
7.4522081102268745 41.621276558745642
7.4987044495359321 41.361904218112116
7.5454908920650263 41.102237579909037
7.5925692478465034 40.842291649532676
7.6399413382059951 40.582081531616595
7.6876089958328713 40.321622427724435
7.7355740648511526 40.060929634002662
7.7838384008908408 39.80001853879326
7.8324038711597153 39.538904620207298
7.8812723545155761 39.277603443659522
7.9304457415389153 39.016130659364578
7.9799259346060767 38.754501999795529
8.0297148479628326 38.492733277105124
8.0798144077984606 38.230840380510202
8.1302265523202522 37.968839273640199
8.1809532318284948 37.706745991850184
8.2319964087919271 37.444576639498791
8.2833580579236639 37.182347387192237
8.3350401662575795 36.920074468994642
8.3870447332252027 36.657774179605475
8.4393737707330434 36.395462871504947
8.4920293032404466 36.133156952067885
8.5450133678378997 35.870872880646928
8.5983280143258582 35.608627165625812
8.6519753052940267 35.346436361443473
8.7059573162011663 35.084317065589751
8.760276135455392 34.822285915573595
8.8149338644949502 34.560359585864504
8.8699326178695372 34.298554784808026
8.9252745233220949 34.036888251516288
8.9809617218711235 33.775376752734346
9.0369963678935186 33.514037079683298
9.0933806292079176 33.252886044880952
9.15011668715856 32.991940478941125
9.2072067366996819 32.731217227352481
9.2646529864804332 32.470733147237688
9.3224576589303254 32.210505104094132
9.3806229903451985 31.950549968516981
9.4391512309737564 31.690884612905538
9.4980446451046081 31.431525908154182
9.5573055111538689 31.172490720328586
9.6169361217533122 30.913795907328417
9.6769387838390575 30.655458315537526
9.7373158187408198 30.397494776462786
9.7980695622717224 30.139922103362302
9.8592023648186551 29.882757087864622
9.9207165914332052 29.626016496579471
9.9826146219231582 29.369717067701558
10.044898850944559 29.113875507608171
10.107571688094364 28.858508487452092
10.170635558003649 28.603632639750572
10.234092900431426 28.349264554971697
10.297946170359015 28.095420778119351
10.362197838085034 27.842117805317681
10.426850389320958 27.58937208039643
10.491906325287284 27.337199991478286
10.557368162810304 27.085617867569212
10.623238434419473 26.834641975153204
10.689519688445371 26.584288514792423
10.756214489118307 26.334573617734037
10.823325416667515 26.085513342524795
10.890855067420977 25.837123671634735
10.958806053905866 25.589420508090985
11.027181004949611 25.342419672122976
11.095982565781618 25.096136897820205
11.165213398135585 24.850587829803874
11.234876180352487 24.60578801991328
11.304973607484193 24.361752923908455
11.375508391397727 24.118497898190235
11.446483260880186 23.876038196538538
11.517900961744305 23.63438896687067
11.589764256934687 23.39356524802032
11.662075926634696 23.153581966538557
11.734838768374003 22.91445393351821
11.808055597136828 22.676195841442496
11.881729245470838 22.438822261059297
11.955862563596726 22.202347638282045
12.030458419518489 21.966786291118549
12.105519699134366 21.732152406628781
12.181049306348504 21.498460037912764
12.257050163183289 21.265723101129794
12.333525209892386 21.033955372549983
12.410477405074511 20.803170485639267
12.487909725787867 20.573381928179071
12.565825167665327 20.344603039421596
12.644226745030334 20.116847007281802
12.723117491013502 19.890126865567279
12.802500457669968 19.664455491246997
12.882378716097467 19.439845601759821
12.962755356555141 19.21630975236409
13.043633488583094 18.993860333529099
13.125016241122688 18.772509568369415
13.206906762637603 18.552269510123285
13.289308221235625 18.333152039675738
13.372223804791227 18.115168863127693
13.455656721068884 17.898331509411658
13.539610197847193 17.68265132795527
13.624087483043718 17.46813948639327
13.709091844840669 17.254806968329056
13.794626571811325 17.042664571146421
13.880694973047261 16.83172290387261
13.967300378286367 16.621992385093197
14.054446138041669 16.413483240919845
14.142135623730951 16.206205503011581
14.230372227807177 16.000169006650435
14.319159363889746 15.79538338887208
14.408500466896546 15.591858086652307
14.498398993176854 15.389602335149936
14.588858420645039 15.188625166006906
14.67988224891511 14.988935405706082
14.771473999436127 14.79054167398758
14.86363721562841 14.593452382324017
14.956375463020642 14.397675732455426
15.049692329387797 14.203219714984229
15.143591424889959 14.010092108030966
15.238076382211958 13.818300475951148
15.333150856703936 13.627852168113742
15.428818526522752 13.438754317741799
15.525083092774281 13.251013840815565
15.621948279656587 13.064637435038515
15.719417834604021 12.879631578866702
15.81749552843219 12.696002530601715
15.916185155483831 12.513756327547588
16.015490533775615 12.332898785231974
16.115415505145851 12.153435496691808
16.21596393540311 11.975371831823693
16.317139714475793 11.798712936799252
16.418946756562612 11.623463733545618
16.521389000284017 11.449628919291158
16.624470408834586 11.277212966176617
16.728194970136332 11.106220120931747
16.832566696992988 10.936654404617505
16.937589627245256 10.768519612433819
17.043267823927017 10.601819313593008
17.149605375422528 10.436556851258716
17.256606395624555 10.272735342550471
17.364275024093576 10.110357678613632
17.472615426217892 9.9494265247547666
17.581631793374793 9.7899443206422152
17.6913283430927 9.6319132805716894
17.801709319214336 9.4753353937968843
17.9127789920609 9.3202124249245646
18.02454165859729 9.166545914374236
18.137001642598314 9.0143371789018598
18.250163294815984 8.8635873121873967
18.364030993147839 8.7142971854859432
18.478609142806285 8.5664674483419549
18.593902176489056 8.4200985293662587
18.709914554550675 8.2751906370754238
18.826650765175017 8.1317437607930767
18.94411532454896 7.9897576716126766
19.062312777037086 7.8492319234212315
19.181247695357495 7.7101658539835132
19.300924680758712 7.5725585860862159
19.421348363197694 7.4364090287413669
19.542523401518945 7.3017158784486034
19.664454483634763 7.1684776205155405
19.787146326706601 7.0366925304356069
19.910603677327551 6.9063586753227808
20.034831311705975 6.7774739154023873
20.159834035850309 6.650035905557373
20.285616685754952 6.5240420969292829
20.412184127587391 6.3994897385730871
20.539541257876444 6.2763758791652497
20.667693003701689 6.1546973687641033
20.796644322884095 6.0344508606217477
20.92640020417781 5.9156328130466225
21.056965667463157 5.7982394913159432
21.188345763940866 5.6822669696370385
21.320545576327461 5.5677111331567168
21.453570219051912 5.454567680017762
21.58742483845349 5.3428321234615836
21.722114612980864 5.2324997939760598
21.857644753392453 5.1235658414875802
21.994020502957998 5.0160252375963825
22.131247137661411 4.909872777854023
22.269329966404907 4.8051030840820852
22.408274331214365 4.7017106067310577
22.548085607446005 4.5996896272782513
22.688769203994362 4.4990342606638336
22.830330563501498 4.3997384577637755
22.972775162567618 4.301796007898675
23.116108511962896 4.2052005413773168
23.260336156840694 4.1099455320738913
23.405463676952088 4.0160243000377243
23.551496686861721 3.9234300141343637
23.698440836165034 3.8321556947168944
23.846301809706794 3.7421942163262907
23.995085327801089 3.6535383104196861
24.14479714645255 3.5661805681252896
24.29544305757911 3.4801134430229155
24.447028889236023 3.3953292539487765
24.59956050584136 3.3118201878234643
24.753043808402872 3.2295783025019165
24.907484734746305 3.1485955296441173
25.062889259745102 3.0688636776053579
25.219263395551543 2.9903744343448553
25.37661319182936 2.9131193703514908
25.534944735987768 2.8370899415855253
25.694264153416974 2.7622774924349196
25.854577607725147 2.6886732586852835
26.015891300976882 2.6162683705019614
26.178211473933107 2.5450538554232267
26.341544406292563 2.4750206413633151
26.505896416934728 2.4061595596240797
26.671273864164267 2.3384613479139866
26.837683145957026 2.2719166533734207
27.005130700207552 2.2065160356049698
27.173623004978154 2.1422499697074588
27.343166578749535 2.0791088493126941
27.513767980672938 2.0170829896236593
27.685433810823938 1.9561626304529087
27.858170710457749 1.8963379392600705
28.031985362266195 1.8375990141873926
28.206884490636192 1.7799358870919451
28.38287486190994 1.7233385265734003
28.559963284646663 1.667796840996483
28.738156609886047 1.6133006815065918
28.917461731413233 1.5598398450376476
29.097885586025583 1.5074040773111219
29.279435153800982 1.4559830758251067
29.462117458367928 1.4055664928321439
29.645939567177219 1.3561439383050522
29.830908591775401 1.3077049828895919
30.017031688079868 1.2602391608426915
30.204316056655735 1.2137359729555199
30.392768942994351 1.1681848894603806
30.582397637793683 1.1235753529201458
30.7732094772403 1.0798967810994602
30.96521184329325 1.0371385698169264
31.15841216396959 0.99529009577686545
31.352817913631799 0.95434071937983489
31.548436613276913 0.91427978751135974
31.745275830827509 0.87509663630748502
31.943343181424471 0.83678059389629522
32.1426463277216 0.79932098311498301
32.343192980182074 0.76270712420128639
32.544990897376742 0.72692833745822694
32.748047886284233 0.69197394589184924
32.952371802593063 0.65783327782108414
33.157970551005491 0.62449566945842117
33.364852085543369 0.59195046746127222
33.573024409855819 0.56018703145323712
33.782495577528891 0.52919473651402615
33.993273692397146 0.49896297563769332
34.205366908857158 0.4694811621589477
34.418783432182984 0.44073873214614617
34.633531518843576 0.4127251467604921
34.849619476822262 0.38542989458140542
35.067055665938113 0.35884249389684464
35.285848498169344 0.33295249495772444
35.506006437978805 0.30774948219693599
35.72753800264141 0.28322307641183292
35.950451762573636 0.25936293690926221
36.174756341665123 0.23615876361359425
36.400460417612273 0.21360029913722262
36.62757272225398 0.1916773308120189
36.856102041909452 0.17037969268230244
37.086057217718114 0.14969726745914547
37.317447145981632 0.12961998843450073
37.55028077850811 0.11013784135540619
37.784567122958414 0.091240866258889955
38.020315243194624 0.072919159265939365
38.257534259630695 0.055162874334208203
38.496233349585331 0.037962224970792074
38.736421747637003 0.021307485903343918
38.978108745981189 0.0051889947090015751
39.22130369478991 -0.010402846597562802
39.466016002573411 -0.025477570017654577
39.712255136544215 -0.040044640065079996
39.96003062298329 -0.054113452303942419
40.209352047608675 -0.067693331927820108
40.460229055946286 -0.0807935323825167
40.712671353703087 -0.093423234030775112
40.966688707142552 -0.10559154285821996
41.222290943462539 -0.11730748922277287
41.479487951175408 -0.12858002664658191
41.738289680490666 -0.1394180306487772
41.998706143699835 -0.14983029762127731
42.260747415563806 -0.1598255437480178
42.524423633702689 -0.16941240396468657
42.789744998987892 -0.17859943096069594
43.056721775936815 -0.18739509422472655
43.325364293109992 -0.19580777913046549
43.595682943510603 -0.20384578606325887
43.867688184986598 -0.21151732959021868
44.141390540635264 -0.21883053767053084
44.416800599210305 -0.22579345090522984
44.69392901553158 -0.23241402182983345
44.972786510897194 -0.2387001142472775
45.253383873498336 -0.2446595025987727
45.535731958836664 -0.25029987137651244
45.819841690144195 -0.25562881457720399
46.105724058805997 -0.26065383519214891
46.393390124785313 -0.26538234473731243
46.68285101705149 -0.26982166282448866
46.974117934010557 -0.27397901676795128
47.267202143938363 -0.27786154122901074
47.562114985416642 -0.28147627790144553
47.858867867771551 -0.28483017523166032
48.157472271515118 -0.28793008817364396
48.457939748789428 -0.29078277798392704
48.760281923813451 -0.29339491205105561
49.064510493332818 -0.29577306375751339
49.370637227072336 -0.29792371238035009
49.678673968191269 -0.29985324302691446
49.988632633741588 -0.30156794659999492
50.300525215128935 -0.30307401979901377
50.614363778576575 -0.30437756515694092
50.930160465592238 -0.30548459110483045
51.24792749343775 -0.3064010120695127
51.56767715560175 -0.30713264860770545
51.889421822275303 -0.30768522756624034
52.213173940830394 -0.30806438227128197
52.538946036301553 -0.30827565275349017
52.866750711870374 -0.30832448599881501
53.196600649353087 -0.30821623622399702
53.528508609691244 -0.30795616518663355
53.862487433445317 -0.30754944252160116
54.198550041291497 -0.30700114609839113
54.536709434521626 -0.30631626241071336
54.876978695546043 -0.30549968699395447
55.219370988399824 -0.30455622485937373
55.563899559252008 -0.303490590956425
55.910577736918029 -0.30230741066538508
56.259418933375457 -0.30101122030538147
56.610436644282771 -0.29960646766561755
56.963644449501501 -0.29809751256767303
57.319056013621655 -0.29648862744143767
57.676685086490259 -0.29478399791790644
58.036545503743355 -0.29298772345329049
58.398651187341287 -0.29110381796836682
58.763016146107212 -0.28913621049880694
59.129654476269195 -0.28708874587452166
59.498580362005406 -0.28496518541666083
59.869808075992978 -0.28276920764035768
60.243351979960103 -0.28050440898296036
60.619226525241686 -0.27817430455440356
60.997446253338438 -0.27578232888865756
61.378025796479378 -0.27333183671389277
61.76097987818796 -0.27082610374922689
62.146323313851724 -0.26826832750182217
62.534071011295367 -0.26566162807504223
62.924237971357556 -0.26300904900510547
63.316839288471229 -0.26031355809792339
63.711890151247552 -0.25757804826808434
64.109405843063584 -0.25480533840710901
64.50940174265348 -0.25199817425679982
64.911893324703442 -0.24915922927662498
65.316896160450469 -0.24629110553666736
65.724425918284666 -0.24339633462221189
66.134498364355508 -0.24047737852529547
66.547129363181696 -0.23753663055532345
66.962334878264954 -0.23457641627037548
67.380130972707605 -0.23159899439201009
67.800533809834036 -0.22860655772869301
68.223559653815897 -0.225601234126376
68.649224870301538 -0.22258508740177685
69.07754592704886 -0.21956011827273547
69.508539394562661 -0.21652826532115341
69.942221946735557 -0.21349140594447688
70.378610361493045 -0.21045135729102019
70.817721521442735 -0.20740987722595108
71.259572414527241 -0.20436866529484435
71.704180134681678 -0.20132936366063328
72.151561882494747 -0.19829355806695381
72.601734965874314 -0.19526277881347617
73.054716800716946 -0.19223850169506834
73.510524911581669 -0.18922214895352432
73.969176932368015 -0.18621509025544739
74.430690606998141 -0.18321864363267551
74.895083790103328 -0.18023407642105077
75.362374447714743 -0.17726260623773821
75.832580657958474 -0.17430540192442284
76.305720611754879 -0.17136358446841984
76.781812613522447 -0.16843822796616592
77.260875081885843 -0.16553036056503384
77.742926550388475 -0.16264096536652325
78.227985668209612 -0.15977098137058177
78.716071200885708 -0.15692130441844895
79.20720203103653 -0.15409278808148233
79.701397159095592 -0.15128624457734483
80.198675704045201 -0.14850244570584739
80.699056904156251 -0.14574212372018611
81.20256011773229 -0.14300597220659164
81.709204823858641 -0.14029464701133942
82.219010623155881 -0.13760876710808254
82.731997238538113 -0.13494891544751092
83.248184515976092 -0.13231563986608749
83.767592425264908 -0.12970945394254316
84.290241060796546 -0.12713083780626927
84.816150642337462 -0.12458023900954983
85.345341515810574 -0.12205807337558978
85.877834154082564 -0.11956472577801115
86.41364915775587 -0.11710055097824816
86.952807255965567 -0.11466587447172724
87.495329307181564 -0.11226099324211801
88.041236300015228 -0.10988617654704479
88.590549354031623 -0.10754166674994714
89.1432897205665 -0.1052276800532069
89.699478783548386 -0.10294440722962821
90.259138060325981 -0.10069201443567696
90.822289202500457 -0.09847064393719096
91.388953996763206 -0.096280414793161587
91.959154365738698 -0.09412142363666523
92.532912368832555 -0.091993745390622814
93.110250203084959 -0.089897433899455939
93.691190204029482 -0.087832522660373405
94.275754846557078 -0.085799025539536167
94.863966745785675 -0.083796937373714228
95.455848657934951 -0.081826234648319354
96.051423481206797 -0.079886876208885099
96.65071425667125 -0.077978803827759402
97.253744169157741 -0.076101942804844225
97.860536548152069 -0.074256202667518437
98.471114868699132 -0.072441477734070184
99.08550275231083 -0.07065764765721988
99.70372396788018 -0.068904578102425021
100.32580243260067 -0.067182121304022513
100.95176221289155 -0.065490116537305215
101.58162752532917 -0.063828390747020874
102.21542273758344 -0.062196759112326666
102.85317236936081 -0.06059502547545096
103.49490109335284 -0.059022982910900308
104.14063373619062 -0.057480414297737793
104.79039527940535 -0.055967092708981606
105.4442108603947 -0.054482781904511071
106.10210577339544 -0.053027236918271305
106.76410547046177 -0.051600204435021384
107.43023556245024 -0.050201423190157746
108.10052182001048 -0.048830624541007311
108.77499017458202 -0.047487532845924836
109.45366671939779 -0.04617186578990564
110.13657771049338 -0.044883334936754636
110.82374956772297 -0.043621646134367524
111.51520887578113 -0.042386499767181923
112.21098238523172 -0.041177591235539018
112.9110970135426 -0.039994611381077801
113.61557984612681 -0.038837246696506789
114.32445813739075 -0.037705179736401598
115.03775931178843 -0.036598089586020059
115.75551096488226 -0.035515652043687965
116.47774086441102 -0.034457539913905245
117.20447695136389 -0.033423423493156842
117.93574734106122 -0.032412970770669403
118.67158032424268 -0.031425847628203961
119.41200436816146 -0.030461718320512001
120.15704811768546 -0.029520245698208974
120.90674039640589 -0.028601091309583535
121.66111020775193 -0.027703915844558079
122.42018673611324 -0.026828379417039763
123.18399934796838 -0.025974141599513594
123.95257759302164 -0.025140861781319884
124.72595120534585 -0.024328199509620476
125.50415010453257 -0.023535814488709485
126.2872043968499 -0.022763366833747474
127.07514437640717 -0.022010517482601962
127.86800052632661 -0.021276928191601582
128.66580351992309 -0.020562261636403383
129.46858422189052 -0.019866181853842146
130.27637368949587 -0.019188354299399933
131.0892031737809 -0.018528445842915197
131.90710412077104 -0.01788612520178598
132.73010817269201 -0.017261063051287887
133.55824716919375 -0.016652931900261625
134.39155314858257 -0.016061406462896735
135.23005834906039 -0.015486163886565036
136.07379520997182 -0.014926883583398956
136.92279637305953 -0.014383247483655432
137.77709468372672 -0.013854940350185264
138.6367231923079 -0.01334164957889407
139.5017151553476 -0.012843065296789946
140.37210403688695 -0.01235888078776174
141.24792350975818 -0.011888792350996807
142.12920745688746 -0.011432499222757728
143.01598997260578 -0.010989704028567774
143.90830536396763 -0.01056011272453929
144.80618815207873 -0.010143434374580599
145.70967307343116 -0.0097393815858763041
146.61879508124753 -0.0093476705833285042
147.53358934683268 -0.0089680208801970925
148.45409126093512 -0.0086001556072028227
149.38033643511568 -0.008243801736195204
150.31236070312514 -0.0078986896998077989
151.25020012229098 -0.0075645535526638755
152.19389097491199 -0.0072411313588941952
153.143469769662 -0.0069281648372328409
154.09897324300229 -0.0066253992972103888
155.06043836060306 -0.0063325841356229873
156.02790231877293 -0.006049472580752507
157.00140254589869 -0.0057758214214875718
157.98097670389276 -0.0055113915438702605
158.96666268965055 -0.0052559478258685068
159.9584986365162 -0.0050092586888640508
160.95652291575823 -0.0047710965691331649
161.96077413805401 -0.0045412380182753252
162.97129115498299 -0.0043194631584585128
163.98811306053051 -0.0041055559839512732
165.01127919259966 -0.0038993046738786661
166.0408291345332 -0.0037005010253611309
167.07680271664532 -0.0035089405111633997
168.11924001776217 -0.0033244228039225874
169.16818136677247 -0.0031467512885324377
170.22366734418787 -0.0029757328245170853
171.28573878371282 -0.0028111783932581857
172.35443677382406 -0.002652902780608733
173.42980265936069 -0.0025007240856552192
174.51187804312329 -0.0023544643789475518
175.60070478748372 -0.0022139496103069185
176.69632501600412 -0.0020790089228389765
177.79878111506733 -0.001949475192885926
178.90811573551608 -0.0018251852402414003
180.02437179430314 -0.001705979044774661
181.14759247615189 -0.0015917000001748724
182.27782123522692 -0.0014821954204013513
183.41510179681487 -0.0013773158174586343
184.55947815901638 -0.0012769148184842898
185.71099459444827 -0.0011808498921485713
186.86969565195579 -0.001088981753429799
188.03562615833684 -0.001001173917975804
189.20883122007567 -0.00091729357796769271
190.38935622508811 -0.00083721127965304305
191.57724684447734 -0.00076080015157279973
192.77254903430102 -0.00068793671050648274
193.97530903734912 -0.00061850089001252507
195.18557338493258 -0.00055237509563595274
196.40338889868406 -0.00048944476876009411
197.62880269236899 -0.00042959878604756081
198.86186217370809 -0.00037272846935418016
200.10261504621184 -0.00031872777343697396
201.35110931102594 -0.00026749405735075729
202.60739326878775 -0.00021892720021841878
