0.981010022358481 57.810428634133572
0.98713080886772642 57.590814437142726
0.99328978461728334 57.371884077873091
0.9994871878801378 57.153635765575309
1.0057232584159237 56.936067017853631
1.0119982374802019 56.719174795769824
1.0183123678337918 56.502955884887996
1.0246658937521613 56.287407372110138
1.0310590610348809 56.072527015679007
1.0374921170151306 55.858313338717856
1.0439653105692677 55.644765388508574
1.0504788921264574 55.43188225106185
1.0570331136783608 55.219662528989126
1.0636282287888812 55.008104022307158
1.0702644926039768 54.797203773390777
1.07694216186153 54.586958475697365
1.0836614949012811 54.377365071116635
1.0904227516748197 54.168421256879341
1.0972261937556456 53.960125647945489
1.1040720843492857 53.752477494481539
1.1109606883034768 53.545476071000628
1.1178922721184128 53.339120029065683
1.1248671039570546 53.133407044506058
1.1318854536555027 52.928333959522149
1.1389475927334398 52.723897372920803
1.146053794404633 52.520094389375338
1.153204333587502 52.316923132801399
1.1603994869157588 52.114382730548542
1.1676395327491069 51.912472747313721
1.1749247511840122 51.71119235381591
1.1822554240645364 51.510539684791723
1.1896318349932438 51.310511763656287
1.1970542693421717 51.111105068985864
1.2045230142638692 50.912316447342697
1.2120383587025092 50.714143851765542
1.2196005934050655 50.516586454404283
1.2272100109325594 50.319644030562465
1.2348669056713799 50.123315951178931
1.2425715738446739 49.927600386294465
1.2503243135238014 49.732494230100635
1.2581254246398728 49.53799383439312
1.2659752089953489 49.344096124092893
1.2738739702757167 49.150799392060904
1.2818220140612402 48.958103234512073
1.2898196478387809 48.766007623731362
1.2978671810136937 48.574511694337062
1.3059649249217964 48.383613051843327
1.3141131928414163 48.193308106005006
1.3223123000055086 48.003593251459229
1.3305625636138507 47.814466110680279
1.3388643028453169 47.625925959257948
1.3472178388702238 47.437972985342107
1.3556234948627561 47.250606861323618
1.36408159601347 47.063825642543875
1.3725924695418741 46.877625828674269
1.3811564447090861 46.692003600636831
1.3897738528305736 46.506956351505181
1.3984450272889719 46.322483348377951
1.40717030354698 46.138584966961503
1.4159500191603378 45.955261030557708
1.4247845137908886 45.77250953131373
1.4336741292197175 45.590326781512339
1.4426192093603725 45.408708940891763
1.4516201002721725 45.227653728794117
1.4606771501735947 45.047160904676531
1.4697907094557432 44.867231054392555
1.4789611306959083 44.687863636312592
1.4881887686712059 44.509055935105437
1.4974739803722998 44.330803875625257
1.5068171250172171 44.153104064823943
1.5162185640652435 43.975955299011808
1.5256786612309039 43.799358155739434
1.5351977824980396 43.623312957559776
1.5447762961339624 43.447817911316641
1.5544145727037042 43.272869162566749
1.5641129850843503 43.098462795256282
1.573871908479469 42.924596954971165
1.5836917204336245 42.751272057392015
1.5935728008469823 42.578488800787483
1.6035155319900087 42.406245849695452
1.6135202985182595 42.234539481389596
1.623587487487258 42.063365627753214
1.6337174883674737 41.892722328000978
1.6439106930593874 41.722610085108464
1.6541674959086505 41.553029676723213
1.6644882937213463 41.383979628579901
1.674873485779337 41.215456024395756
1.6853234738557137 41.047454939890464
1.6958386622303347 40.879974947382365
1.7064194577054734 40.713016941057788
1.7170662696215517 40.546581386479389
1.7277795098729745 40.380665998617687
1.7385595929240698 40.215266499508381
1.7494069358251205 40.05037968379019
1.7603219582284961 39.886005305361905
1.7713050824048935 39.722144534562645
1.7823567332596704 39.558796713755868
1.7934773383492808 39.395958253735294
1.804667327897822 39.233625071052423
1.8159271348136761 39.071795677033286
1.8272571947062535 38.910471106888991
1.8386579459028531 38.749651692863218
1.8501298294656154 38.589334687151585
1.8616732892085868 38.42951580120215
1.8732887717148872 38.270192766060518
1.8849767263539927 38.111366302288864
1.8967376052991152 37.953037154199016
1.9085718635446962 37.795203064619486
1.9204799589240127 37.637859780082415
1.9324623521268858 37.48100480112511
1.9445195067175054 37.324638753980921
1.956651889152363 37.168762417715996
1.9688599687982988 37.013373516180131
1.9811442179506598 36.858467849080924
1.9935051118515694 36.704043213999043
2.0059431287083171 36.550100452140946
2.0184587497118565 36.396640023862012
2.0310524590554193 36.243659136632914
2.0437247439532529 36.091153759794764
2.0564760946594629 35.939122541573113
2.0693070044869857 35.787566634026085
2.0822179698266683 35.636485633368025
2.0952094901664746 35.485875954496748
2.108282068110809 35.33573425697783
2.1214362093999606 35.186060497884064
2.1346724229296679 35.03685565566807
2.1479912207708103 34.888117782568088
2.1613931181892112 34.739842900537006
2.174878633665581 34.592029303311385
2.1884482889155685 34.444678032686141
2.2021026089099474 34.297788669525509
2.2158421218949282 34.151357650904458
2.2296673594125904 34.005382076719265
2.2435788563214474 33.859862357277251
2.2575771508171409 33.714798976228472
2.2716627844532602 33.570189131755832
2.2858363021622932 33.426029357845302
2.3000982522767095 33.28231937001307
2.314449186550172 33.139060015578394
2.3288896601788855 32.996249116700312
2.3434202318230715 32.853883053494648
2.3580414636285854 32.71196110755551
2.3727539212486621 32.570484203125318
2.3875581738657994 32.429450459137563
2.4024547942137788 32.288856287421098
2.417444358599822 32.148700890055068
2.4325274469268874 32.008985146335682
2.4477046427161055 31.869707112957887
2.4629765331293512 31.730863332486088
2.4783437089919627 31.592453275380731
2.493806764815595 31.454477657326393
2.5093662988212224 31.316934150403849
2.5250229129622839 31.179819604507159
2.5407772129479653 31.043134031853203
2.5566298082666377 30.906877717993186
2.5725813122094339 30.771047762714829
2.5886323418939754 30.635641695323148
2.6047835182882486 30.500660116342328
2.6210354662346256 30.366102413846701
2.6373888144740385 30.23196527815913
2.6538441956703069 30.098247427039837
2.6704022464346067 29.964949608746075
2.6870636073501051 29.832069871401483
2.7038289229967418 29.699605250375033
2.7206988419761609 29.5675558602547
2.737674016936813 29.435921567121177
2.7547551045991936 29.304699305673974
2.7719427657812572 29.173887597373568
2.7892376654239794 29.04348712067074
2.8066404726170835 28.913495921386978
2.8241518606249212 28.783911291725886
2.8417725069125264 28.654733546184012
2.8595030931718162 28.525962049699949
2.8773443053479713 28.397593749466193
2.8952968336659679 28.269628013902064
2.9133613726572811 28.142065081192783
2.9315386211867582 28.014902242897847
2.949829282479651 27.888137936366657
2.9682340641488252 27.761772715775507
2.9867536782221324 27.635804490954957
3.005388841169959 27.510231064164685
3.0241402739329453 27.385052936442293
3.0430087019498724 27.260268597773983
3.0619948551857314 27.135875525805822
3.0810994681599628 27.011874032860284
3.1003232799748695 26.888263010735095
3.119667034344217 26.765039825929463
3.1391314796219993 26.642204628315227
3.1587173688313928 26.519756505491287
3.1784254596938926 26.397692830715389
3.1982565146586173 26.276013693907863
3.2182113009318161 26.154718184856485
3.2382905905065433 26.033803756522541
3.2584951601925258 25.913270551438998
3.2788257916462182 25.79311748079953
3.2992832714010389 25.673342165818642
3.3198683908978013 25.55394486890107
3.340581946515333 25.434924156071627
3.3614247396012829 25.316277969239042
3.3823975765031236 25.198006650669811
3.4035012685993498 25.080108308514038
3.4247366323308639 24.962581428502851
3.4461044892325647 24.845426222793801
3.4676056659651282 24.728640383923615
3.4892409943469893 24.612223150564795
3.5110113113865249 24.496174220965894
3.5329174593144308 24.380491199412514
3.5549602856163096 24.265174059979028
3.5771406430654547 24.150221600850365
3.59945938975584 24.035631959169315
3.6219173891353251 23.921405351752291
3.6445155100390494 23.807539693760781
3.6672546267230492 23.694034217672563
3.6901356188980845 23.580888474716552
3.7131593717636631 23.468100282087995
3.7363267760422962 23.355669763511152
3.7596387280139516 23.243595232570044
3.7830961295507279 23.131875569782309
3.8066998881517509 23.020510534321389
3.8304509169782763 22.909497974316118
3.8543501348890188 22.798837943842344
3.8783984664757036 22.688528801437773
3.9025968420988306 22.578569559405167
3.9269461979236735 22.46895979723524
3.9514474759564902 22.35969753968191
3.9761016240809712 22.250782889276422
4.0009095960949121 22.142213939348014
4.0258723517471076 22.033990235086517
4.0509908567744839 21.926110760695014
4.0762660829394646 21.81857410430549
4.1016990080675564 21.71138009291812
4.1272906160851877 21.604526764055958
4.1530418970577685 21.498014171393255
4.1789538472279917 21.391840475495478
4.2050274690543814 21.286005347245037
4.2312637712500694 21.180507533321634
4.2576637688218195 21.075346049229921
4.2842284831093016 20.97052030349991
4.3109589418245928 20.866028747698035
4.3378561790919505 20.761871246972284
4.3649212354878086 20.658045951592221
4.3921551580810387 20.554552905533988
4.4195590004734582 20.451390224750838
4.4471338228405912 20.348557894606301
4.4748806919726851 20.246054187218157
4.5028006813159758 20.143878897207937
4.5308948710142225 20.042030528594019
4.5591643479504942 19.940508652072172
4.5876102057892147 19.839312008562807
4.616233545018475 19.738439962420625
4.6450354729926131 19.637891450623915
4.6740171039750447 19.537665692258383
4.703179559181379 19.437761749759844
4.7325239668227903 19.338178765832215
4.7620514621496675 19.238915863603324
4.791763187495536 19.13997217626488
4.8216602923212459 19.04134682536699
4.8517439332594421 18.943038959256544
4.8820152741593184 18.845047716710422
4.9124754861316333 18.747372245554722
4.943125747594026 18.650011695787114
4.9739672443165972 18.552965220192153
5.0050011694677883 18.456231975649462
5.0362287236605461 18.359811126348895
5.0676511149987586 18.263701838155352
5.0992695591240036 18.16790327971361
5.1310852792625781 18.07241462699772
5.163099506272812 17.977235058270367
5.1953134786926967 17.88236375414516
5.2277284427877975 17.787799902066542
5.2603456525994652 17.69354269327356
5.2931663699933544 17.599591320537204
5.326191864708238 17.505944982684355
5.3594234144051347 17.412602883614564
5.3928623047167346 17.319564228532727
5.4265098292971397 17.226828227567253
5.4603672898719031 17.134394097162492
5.4944359962884022 17.042261055178702
5.5287172665665008 16.950428323252556
5.5632124269495504 16.858895130015245
5.5979228119556854 16.76766070605634
5.6328497644294657 16.676724284798517
5.6679946355938178 16.586085106734068
5.7033587851023144 16.4957424153143
5.7389435810917746 16.405695456057497
5.7747504002351899 16.315943481019289
5.8107806277949896 16.226485746493037
5.8470356576766287 16.137321510363666
5.8835168924825121 16.048450036139158
5.920225743566264 15.959870592868226
5.9571636310873224 15.871582451063528
5.9943319840658864 15.783584885750239
6.0317322404381937 15.695877178485139
6.0693658471121577 15.608458612530262
6.1072342600233407 15.521328474639798
6.1453389441912813 15.434486058588014
6.1836813737761673 15.347930660552233
6.2222630321358734 15.261661579343562
6.261085411883343 15.175678120614961
6.3001500149443368 15.08997959349726
6.3394583526155337 15.004565309129992
6.3790119456230006 14.919434584852905
6.4188123241810269 14.834586742752755
6.4588610280513228 14.75002110658944
6.4991596066025847 14.665737005353476
6.5397096188704422 14.581733773942762
6.5805126336177668 14.498010748914691
6.6215702293953651 14.414567271016923
6.6628839946030523 14.331402687727149
6.7044555275510938 14.248516348591409
6.7462864365220483 14.165907606403811
6.7883783398329829 14.083575820895145
6.8307328658980815 14.001520354669374
6.8733516532916434 13.919740572863731
6.9162363508114773 13.838235847223954
6.9593886175426851 13.757005553489465
7.0028101229218498 13.676049069416759
7.0465025468016185 13.595365778620591
7.0904675795156962 13.514955069917516
7.1347069219442325 13.434816333933194
7.1792222855796304 13.354948966177171
7.2240153925927553 13.275352368392083
7.269087975899561 13.196025944257503
7.314441779228134 13.116969101356849
7.3600785571861511 13.038181254092514
7.4060000753287563 12.959661819335087
7.4522081102268745 12.881410217055633
7.4987044495359321 12.803425874040721
7.5454908920650263 12.72570822042864
7.5925692478465034 12.648256688831424
7.6399413382059951 12.571070718219076
7.6876089958328713 12.494149752053589
7.7355740648511526 12.417493235869841
7.7838384008908408 12.3411006207357
7.8324038711597153 12.26497136332835
7.8812723545155761 12.189104922318108
7.9304457415389153 12.113500760967639
7.9799259346060767 12.038158349016362
8.0297148479628326 11.96307715844031
8.0798144077984606 11.888256664907772
8.1302265523202522 11.813696350926167
8.1809532318284948 11.739395701878331
8.2319964087919271 11.665354206120032
8.2833580579236639 11.59157135867806
8.3350401662575795 11.518046658443192
8.3870447332252027 11.444779606767366
8.4393737707330434 11.371769711065273
8.4920293032404466 11.299016483685286
8.5450133678378997 11.22651943914982
8.5983280143258582 11.154278097207412
8.6519753052940267 11.082291983580406
8.7059573162011663 11.010560626212124
8.760276135455392 10.939083557351109
8.8149338644949502 10.867860315855143
8.8699326178695372 10.796890443163734
8.9252745233220949 10.726173484243446
8.9809617218711235 10.655708990844632
9.0369963678935186 10.585496518035965
9.0933806292079176 10.515535623783649
9.15011668715856 10.445825872497734
9.2072067366996819 10.376366832888948
9.2646529864804332 10.307158076147488
9.3224576589303254 10.238199179238412
9.3806229903451985 10.169489724463196
9.4391512309737564 10.101029296430312
9.4980446451046081 10.032817484673691
9.5573055111538689 9.9648538849546373
9.6169361217533122 9.8971380954770538
9.6769387838390575 9.8296697185045172
9.7373158187408198 9.7624483629769312
9.7980695622717224 9.695473640757502
9.8592023648186551 9.6287451670771471
9.9207165914332052 9.5622625638055574
9.9826146219231582 9.4960254565336797
10.044898850944559 9.4300334736957492
10.107571688094364 9.3642862499241168
10.170635558003649 9.2987834245319423
10.234092900431426 9.2335246393156822
10.297946170359015 9.1685095415333535
10.362197838085034 9.1037377841085352
10.426850389320958 9.0392090224045063
10.491906325287284 8.9749229164005602
10.557368162810304 8.9108791324272065
10.623238434419473 8.8470773394695357
10.689519688445371 8.7835172103483643
10.756214489118307 8.7201984245102153
10.823325416667515 8.6571206646389989
10.890855067420977 8.5942836166407339
10.958806053905866 8.5316869728335512
11.027181004949611 8.4693304295896272
11.095982565781618 8.407213686030623
11.165213398135585 8.3453364471485791
11.234876180352487 8.2836984229452337
11.304973607484193 8.2222993259224761
11.375508391397727 8.1611388736683104
11.446483260880186 8.1002167896196937
11.517900961744305 8.0395327997529105
11.589764256934687 7.9790866343296827
11.662075926634696 7.9188780299640102
11.734838768374003 7.8589067261104306
11.808055597136828 7.799172465806766
11.881729245470838 7.7396749985299111
11.955862563596726 7.6804140772322338
12.030458419518489 7.6213894578844403
12.105519699134366 7.562600902562453
12.181049306348504 7.5040481776465331
12.257050163183289 7.4457310521143123
12.333525209892386 7.3876493003985235
12.410477405074511 7.3298027021439198
12.487909725787867 7.2721910394726192
12.565825167665327 7.2148140991494563
12.644226745030334 7.1576716737966768
12.723117491013502 7.1007635585959479
12.802500457669968 7.0440895526317409
12.882378716097467 6.9876494612124622
12.962755356555141 6.931443092607342
13.043633488583094 6.8754702583186385
13.125016241122688 6.8197307759317676
13.206906762637603 6.7642244666478231
13.289308221235625 6.7089511544135876
13.372223804791227 6.6539106688157199
13.455656721068884 6.5991028438736974
13.539610197847193 6.5445275160208984
13.624087483043718 6.4901845266014533
13.709091844840669 6.4360737221396782
13.794626571811325 6.382194951482532
13.880694973047261 6.3285480676222878
13.967300378286367 6.2751329292767313
14.054446138041669 6.2219493976410876
14.142135623730951 6.1689973373055818
14.230372227807177 6.1162766187114368
14.319159363889746 6.0637871152299132
14.408500466896546 6.011528703031102
14.498398993176854 5.9595012638684937
14.588858420645039 5.9077046831039572
14.67988224891511 5.856138848434167
14.771473999436127 5.8048036525515512
14.86363721562841 5.7536989924879478
14.956375463020642 5.7028247673455779
15.049692329387797 5.6521808804769984
15.143591424889959 5.6017672402200871
15.238076382211958 5.5515837569325246
15.333150856703936 5.5016303444252168
15.428818526522752 5.4519069218294343
15.525083092774281 5.4024134105238026
15.621948279656587 5.3531497346462285
15.719417834604021 5.304115823587173
15.81749552843219 5.2553116094646857
15.916185155483831 5.2067370265960182
16.015490533775615 5.1583920141254431
16.115415505145851 5.1102765145494171
16.21596393540311 5.0623904721361148
16.317139714475793 5.0147338353172985
16.418946756562612 4.9673065565360455
16.521389000284017 4.9201085897858219
16.624470408834586 4.8731398924155025
16.728194970136332 4.8264004262436435
16.832566696992988 4.7798901546334385
16.937589627245256 4.7336090435453722
17.043267823927017 4.687557063567156
17.149605375422528 4.6417341870619895
17.256606395624555 4.5961403883065222
17.364275024093576 4.5507756459631175
17.472615426217892 4.5056399409575656
17.581631793374793 4.4607332555713963
17.6913283430927 4.4160555759136253
17.801709319214336 4.3716068909285148
17.9127789920609 4.3273871905194001
18.02454165859729 4.2833964676652041
18.137001642598314 4.2396347187023853
18.250163294815984 4.1961019407311451
18.364030993147839 4.1527981330843007
18.478609142806285 4.1097232987515673
18.593902176489056 4.0668774415123927
18.709914554550675 4.0242605666071105
18.826650765175017 3.9818726828617352
18.94411532454896 3.9397138001547214
19.062312777037086 3.897783929174635
19.181247695357495 3.8560830837782221
19.300924680758712 3.8146112792935662
19.421348363197694 3.7733685313107288
19.542523401518945 3.7323548579229824
19.664454483634763 3.6915702791910276
19.787146326706601 3.6510148150520481
19.910603677327551 3.6106884870969753
20.034831311705975 3.5705913192498282
20.159834035850309 3.5307233351282887
20.285616685754952 3.4910845591654103
20.412184127587391 3.4516750182194738
20.539541257876444 3.4124947388588187
20.667693003701689 3.3735437476987804
20.796644322884095 3.3348220735340988
20.92640020417781 3.2963297451156226
21.056965667463157 3.2580667905459775
21.188345763940866 3.2200332395346414
21.320545576327461 3.1822291221354271
21.453570219051912 3.1446544672189018
21.58742483845349 3.1073093044579814
21.722114612980864 3.0701936642279413
21.857644753392453 3.0333075753445349
21.994020502957998 2.9966510665351542
22.131247137661411 2.9602241674318903
22.269329966404907 2.9240269059148476
22.408274331214365 2.8880593088968336
22.548085607446005 2.8523214040746918
22.688769203994362 2.8168132174307914
22.830330563501498 2.7815347732098026
22.972775162567618 2.7464860959839106
23.116108511962896 2.7116672088115594
23.260336156840694 2.677078132332225
23.405463676952088 2.6427188868061031
23.551496686861721 2.6085894912571606
23.698440836165034 2.5746899617308756
23.846301809706794 2.5410203130123143
23.995085327801089 2.5075805588906395
24.14479714645255 2.4743707097792726
24.29544305757911 2.4413907738775489
24.447028889236023 2.4086407584020204
24.59956050584136 2.3761206670135384
24.753043808402872 2.3438305002580759
24.907484734746305 2.3117702573829604
25.062889259745102 2.2799399340997288
25.219263395551543 2.2483395222108378
25.37661319182936 2.216969011596396
25.534944735987768 2.1858283887514127
25.694264153416974 2.1549176355706581
25.854577607725147 2.1242367311901083
26.015891300976882 2.0937856515389388
26.178211473933107 2.0635643673891075
26.341544406292563 2.0335728457962343
26.505896416934728 2.0038110506744657
26.671273864164267 1.9742789403940579
26.837683145957026 1.9449764686313429
27.005130700207552 1.9159035857482762
27.173623004978154 1.8870602363666908
27.343166578749535 1.8584463595142005
27.513767980672938 1.8300618904156942
27.685433810823938 1.8019067585445474
27.858170710457749 1.7739808869660094
28.031985362266195 1.7462841941902949
28.206884490636192 1.7188165930739536
28.38287486190994 1.6915779893640905
28.559963284646663 1.6645682833201323
28.738156609886047 1.6377873696249863
28.917461731413233 1.6112351353027061
29.097885586025583 1.5849114608750847
29.279435153800982 1.5588162212128558
29.462117458367928 1.5329492831528417
29.645939567177219 1.5073105060473881
29.830908591775401 1.4818997432556709
30.017031688079868 1.4567168399146508
30.204316056655735 1.4317616327867557
30.392768942994351 1.4070339520070256
30.582397637793683 1.3825336194606646
30.7732094772403 1.3582604478528648
30.96521184329325 1.3342142424163164
31.15841216396959 1.3103948001787775
31.352817913631799 1.286801908313028
31.548436613276913 1.2634353455378877
31.745275830827509 1.240294882344009
31.943343181424471 1.2173802788496952
32.1426463277216 1.1946912857019214
32.343192980182074 1.1722276451254201
32.544990897376742 1.1499890886380024
32.748047886284233 1.1279753373356065
32.952371802593063 1.1061861034165832
33.157970551005491 1.0846210882204781
33.364852085543369 1.0632799818080556
33.573024409855819 1.0421624646373091
33.782495577528891 1.0212682062895257
33.993273692397146 1.0005968643074987
34.205366908857158 0.98014808574061918
34.418783432182984 0.95992150677768073
34.633531518843576 0.93991675096159977
34.849619476822262 0.92013343037050943
35.067055665938113 0.90057114614944789
35.285848498169344 0.88122948635905329
35.506006437978805 0.86210802663504849
35.72753800264141 0.84320633140093082
35.950451762573636 0.82452395174087201
36.174756341665123 0.80606042545162515
36.400460417612273 0.78781527858505218
36.62757272225398 0.76978802378507305
36.856102041909452 0.75197815964632819
37.086057217718114 0.73438517229877742
37.317447145981632 0.71700853449652224
37.55028077850811 0.69984770429255516
37.784567122958414 0.68290212642558856
38.020315243194624 0.66617123230208397
38.257534259630695 0.64965443815133528
38.496233349585331 0.63335114599769726
38.736421747637003 0.61726074446292056
38.978108745981189 0.60138260669247146
39.22130369478991 0.58571609081448017
39.466016002573411 0.57026054126489312
39.712255136544215 0.55501528690008983
39.96003062298329 0.53997964084068018
40.209352047608675 0.52515290202617726
40.460229055946286 0.51053435389299184
40.712671353703087 0.49612326354451253
40.966688707142552 0.48191888325885035
41.222290943462539 0.46792044995768889
41.479487951175408 0.45412718377936268
41.738289680490666 0.44053828932198674
41.998706143699835 0.42715295596910607
42.260747415563806 0.41397035605429355
42.524423633702689 0.40098964567233703
42.789744998987892 0.38820996570244387
43.056721775936815 0.37563043990529643
43.325364293109992 0.36325017520461361
43.595682943510603 0.35106826312664685
43.867688184986598 0.33908377820921876
44.141390540635264 0.32729577768464019
44.416800599210305 0.31570330303242067
44.69392901553158 0.30430537903156996
44.972786510897194 0.29310101281935208
45.253383873498336 0.28208919532955784
45.535731958836664 0.271268901155646
45.819841690144195 0.26063908708951317
46.105724058805997 0.2501986932427106
46.393390124785313 0.23994664369789076
46.68285101705149 0.22988184477692541
46.974117934010557 0.22000318572293673
47.267202143938363 0.21030953993711182
47.562114985416642 0.20079976330473748
47.858867867771551 0.19147269435730679
48.157472271515118 0.18232715579916692
48.457939748789428 0.17336195327575407
48.760281923813451 0.16457587494552681
49.064510493332818 0.1559676930491152
49.370637227072336 0.14753616336364889
49.678673968191269 0.13928002420333022
49.988632633741588 0.13119799780655886
50.300525215128935 0.12328879059156223
50.614363778576575 0.1155510917428962
50.930160465592238 0.10798357425209898
51.24792749343775 0.10058489587953155
51.56767715560175 0.093353697585231668
51.889421822275303 0.086288604124788823
52.213173940830394 0.079388225479291349
52.538946036301553 0.072651155492224437
52.866750711870374 0.066075971941799719
53.196600649353087 0.059661238156658629
53.528508609691244 0.053405502180184881
53.862487433445317 0.047307296284851447
54.198550041291497 0.041365138554726108
54.536709434521626 0.035577532761462381
54.876978695546043 0.029942967373812045
55.219370988399824 0.024459916908827591
55.563899559252008 0.019126842575394168
55.910577736918029 0.01394219097179753
56.259418933375457 0.0089043950650775361
56.610436644282771 0.0040118754341660649
56.963644449501501 -0.00073696105928179893
57.319056013621655 -0.0053437207315129333
57.676685086490259 -0.0098100214784267413
58.036545503743355 -0.014137493783274285
58.398651187341287 -0.018327780703066544
58.763016146107212 -0.022382536173041118
59.129654476269195 -0.026303425427315504
59.498580362005406 -0.030092125503632824
59.869808075992978 -0.033750323647713042
60.243351979960103 -0.037279717020315337
60.619226525241686 -0.040682013631732503
60.997446253338438 -0.043958931023760604
61.378025796479378 -0.047112195275365781
61.76097987818796 -0.05014354214513056
62.146323313851724 -0.053054716134857745
62.534071011295367 -0.055847469007258337
62.924237971357556 -0.058523560837061971
63.316839288471229 -0.061084759521183453
63.711890151247552 -0.063532839047872464
64.109405843063584 -0.065869580139576792
64.50940174265348 -0.068096770280278926
64.911893324703442 -0.070216201965776562
65.316896160450469 -0.072229672725668742
65.724425918284666 -0.074138985628043108
66.134498364355508 -0.075945947700169242
66.547129363181696 -0.077652369257096954
66.962334878264954 -0.079260064752808862
67.380130972707605 -0.080770851510957586
67.800533809834036 -0.082186548454397365
68.223559653815897 -0.083508977070241255
68.649224870301538 -0.084739960527115854
69.07754592704886 -0.085881322017319531
69.508539394562661 -0.086934885529587863
69.942221946735557 -0.087902475436523839
70.378610361493045 -0.088785914697340235
70.817721521442735 -0.089587025158599634
71.259572414527241 -0.090307627633274906
71.704180134681678 -0.090949540155902509
72.151561882494747 -0.091514577665839411
72.601734965874314 -0.09200455252761755
73.054716800716946 -0.092421273014878388
73.510524911581669 -0.092766542347576766
73.969176932368015 -0.093042159483000694
74.430690606998141 -0.093249917936875093
74.895083790103328 -0.093391604325857497
75.362374447714743 -0.093468999181753928
75.832580657958474 -0.093483876187787099
76.305720611754879 -0.093438000453417103
76.781812613522447 -0.093333129044884625
77.260875081885843 -0.093171010699894308
77.742926550388475 -0.092953384052714277
78.227985668209612 -0.092681977667810153
78.716071200885708 -0.092358510233788715
79.20720203103653 -0.091984688921773028
79.701397159095592 -0.091562208823842417
80.198675704045201 -0.091092753532891479
80.699056904156251 -0.090577993775023943
81.20256011773229 -0.090019586278184932
81.709204823858641 -0.089419174556985601
82.219010623155881 -0.088778387921737381
82.731997238538113 -0.088098839971561857
83.248184515976092 -0.087382129311083495
83.767592425264908 -0.086629838993512162
84.290241060796546 -0.085843534856215653
84.816150642337462 -0.085024765899891136
85.345341515810574 -0.084175064215889953
85.877834154082564 -0.0832959433618643
86.41364915775587 -0.082388898243607012
86.952807255965567 -0.081455405503539205
87.495329307181564 -0.080496922094920986
88.041236300015228 -0.079514884604203126
88.590549354031623 -0.078510709977625326
89.1432897205665 -0.077485794420012799
89.699478783548386 -0.07644151224936814
90.259138060325981 -0.075379216751696246
90.822289202500457 -0.074300239479738864
91.388953996763206 -0.07320588884796457
91.959154365738698 -0.072097450847149816
92.532912368832555 -0.070976188803709331
93.110250203084959 -0.069843341912216236
93.691190204029482 -0.068700125578586763
94.275754846557078 -0.067547731665238267
94.863966745785675 -0.066387327147324288
95.455848657934951 -0.065220053970161382
96.051423481206797 -0.064047029719709381
96.65071425667125 -0.062869346535021339
97.253744169157741 -0.061688070458507889
97.860536548152069 -0.06050424238682213
98.471114868699132 -0.059318877349108082
99.08550275231083 -0.058132963503661192
99.70372396788018 -0.056947463139612825
100.32580243260067 -0.055763312370060103
100.95176221289155 -0.05458141996380439
101.58162752532917 -0.053402668139744168
102.21542273758344 -0.052227912734330972
102.85317236936081 -0.051057982067093402
103.49490109335284 -0.049893677350102035
104.14063373619062 -0.048735773315284912
104.79039527940535 -0.047585017250250168
105.4442108603947 -0.046442128938017677
106.10210577339544 -0.045307801676069161
106.76410547046177 -0.044182701615419505
107.43023556245024 -0.043067467261942806
108.10052182001048 -0.041962710697766088
108.77499017458202 -0.040869017294917293
109.45366671939779 -0.039786944948701837
110.13657771049338 -0.038717025272196011
110.82374956772297 -0.037659763745019746
111.51520887578113 -0.036615638868395535
112.21098238523172 -0.035585103084032156
112.9110970135426 -0.034568583379521053
113.61557984612681 -0.033566480529356166
114.32445813739075 -0.032579169614912612
115.03775931178843 -0.031607001062708945
115.75551096488226 -0.030650300101889114
116.47774086441102 -0.029709366817759281
117.20447695136389 -0.028784477496812361
117.93574734106122 -0.027875884408130373
118.67158032424268 -0.026983815500441252
119.41200436816146 -0.026108475858727952
120.15704811768546 -0.025250047844105634
120.90674039640589 -0.024408690591961154
121.66111020775193 -0.02358454135034915
122.42018673611324 -0.022777716041096893
123.18399934796838 -0.02198830873148705
123.95257759302164 -0.021216392642838089
124.72595120534585 -0.02046202113679042
125.50415010453257 -0.019725227298861649
126.2872043968499 -0.019006024516040814
127.07514437640717 -0.018304407834605765
127.86800052632661 -0.017620353772508091
128.66580351992309 -0.016953820449716123
129.46858422189052 -0.016304749153852216
130.27637368949587 -0.015673064468894601
131.0892031737809 -0.015058674098279478
131.90710412077104 -0.014461470435028675
132.73010817269201 -0.013881331025154962
133.55824716919375 -0.01331811823537501
134.39155314858257 -0.012771680602027916
135.23005834906039 -0.012241853685069273
136.07379520997182 -0.011728459742978146
136.92279637305953 -0.011231308695007105
137.77709468372672 -0.010750199329403767
138.6367231923079 -0.010284919096824097
139.5017151553476 -0.0098352446170457217
140.37210403688695 -0.009400943169446032
141.24792350975818 -0.0089817727101079142
142.12920745688746 -0.0085774819595508013
143.01598997260578 -0.0081878119917413502
143.90830536396763 -0.0078124965238750696
144.80618815207873 -0.0074512617281511347
145.70967307343116 -0.0071038277171812233
146.61879508124753 -0.0067699091443438938
147.53358934683268 -0.0064492148947199006
148.45409126093512 -0.0061414492586432737
149.38033643511568 -0.0058463128660628666
150.31236070312514 -0.0055635023848098278
151.25020012229098 -0.0052927112595537069
152.19389097491199 -0.005033630941106885
153.143469769662 -0.0047859507093335977
154.09897324300229 -0.0045493579397529581
155.06043836060306 -0.0043235395117445629
156.02790231877293 -0.0041081818298409241
157.00140254589869 -0.0039029707056888563
157.98097670389276 -0.0037075927688977515
158.96666268965055 -0.003521735730958128
159.9584986365162 -0.0033450880246280812
160.95652291575823 -0.0031773400080304624
161.96077413805401 -0.0030181845122909329
162.97129115498299 -0.0028673163901002433
163.98811306053051 -0.00272443334281909
165.01127919259966 -0.0025892367520381015
166.0408291345332 -0.0024614312529678199
167.07680271664532 -0.0023407251035590677
168.11924001776217 -0.0022268312451539114
169.16818136677247 -0.0021194670012462881
170.22366734418787 -0.0020183539940207161
171.28573878371282 -0.0019232193044191139
172.35443677382406 -0.0018337953607177567
173.42980265936069 -0.0017498195152203353
174.51187804312329 -0.0016710351270698984
175.60070478748372 -0.0015971916796534476
176.69632501600412 -0.0015280441641520972
177.79878111506733 -0.0014633538923904807
178.90811573551608 -0.0014028888937414634
180.02437179430314 -0.0013464232397854263
181.14759247615189 -0.0012937374450320178
182.27782123522692 -0.0012446191194332619
183.41510179681487 -0.0011988623633558922
184.55947815901638 -0.0011562677242107104
185.71099459444827 -0.0011166430230079509
186.86969565195579 -0.0010798028868620362
188.03562615833684 -0.0010455683098027676
189.20883122007567 -0.0010137675308346421
190.38935622508811 -0.00098423577560349958
191.57724684447734 -0.00095681453869111792
192.77254903430102 -0.00093135232029422168
193.97530903734912 -0.00090770462238313923
195.18557338493258 -0.00088573311611716177
196.40338889868406 -0.00086530607345114061
197.62880269236899 -0.00084629863304434632
198.86186217370809 -0.00082859197369443817
200.10261504621184 -0.00081207335530549928
201.35110931102594 -0.00079663662635223113
202.60739326878775 -0.00078218150928460284
